0.207389 0.64479436
0.262986 0.62898473
0.347647 0.624242
0.474488 0.62750332
0.66643  0.6360959
0.756131 0.64073376
0.885781 0.64300332
0.936613 0.647747
0.97463 0.640839 
1.08637 0.652792 
1.13274 0.649937 
1.16966 0.636503 
1.24762 0.63966  
1.27639 0.642036 
1.30738 0.642036 
1.34567 0.622271 
1.36579 0.590864 
1.38259 0.581173 
1.40523 0.520522 
1.41862 0.438316 
1.43204 0.38389  
1.44937 0.363336 
1.47675 0.369561 
1.51056 0.443148 
1.5472 0.501937  
1.61425 0.561213 
1.65144 0.579701 
1.68916 0.588497 
1.72968 0.585438 
1.76963 0.566569 
1.80986 0.543754 
1.84449 0.543754 
1.86041 0.526277 
1.88471 0.392216 
1.89928 0.303014 
1.91801 0.235925 
1.92947 0.182776 
1.9454 0.168749  
1.96915 0.177341 
1.98953 0.207959  
2.03648 0.305257  
2.1013 0.399008  
2.16585 0.450871  
2.21054 0.464305  
2.23988 0.466398  
2.28013 0.451474  
2.3363 0.419172  
2.41063 0.333818  
2.49334 0.23127  
2.52353 0.205086  
2.58362 0.181375  
2.63753 0.152336  
2.65153 0.0884133  
2.71382 0.00366209  
