0.206913 0.6229
0.248566 0.6117
0.301931 0.60693
0.386592 0.6069
0.560654 0.61798
0.752595 0.6274
0.939798 0.6393
1.05408 0.64091
1.15496 0.645654
1.19937 0.641806
1.25805 0.630943
1.36506 0.637957
1.41647 0.630438
1.42738 0.598641
1.44972 0.532351
1.4668 0.430495 
1.50732 0.305816
1.55454 0.34444 
1.6216 0.437606 
1.6462 0.449949 
1.74232 0.520185
1.85126 0.552497
1.8876 0.533237 
1.9122 0.463303 
1.93707 0.335768
1.96388 0.248242
2.00578 0.194011
2.03931 0.206655
2.07703 0.245183
2.13905 0.361846
2.19522 0.464598
2.24244 0.514289
2.27539 0.519724
2.32371 0.475557
2.37317 0.407795
2.47348 0.355427
2.52937 0.322228
2.61431 0.282123
2.7079 0.0620161
