 0.300   98.2050
 0.310   98.2828
 0.320   98.3484
 0.330   98.4588
 0.340   98.5212
 0.350   98.6352
 0.360   98.6702
 0.370   98.7122
 0.380   98.7790
 0.390   98.8682
 0.400   98.8448
 0.410   98.9542
 0.420   98.9610
 0.430   99.0498
 0.440   99.1250
 0.450   99.2066
 0.460   99.2816
 0.470   99.2252
 0.480   99.1876
 0.490   99.2370
 0.500   99.0986
 0.510   99.1030
 0.520   99.1016
 0.530   99.1160
 0.540   98.9906
 0.550   98.9686
 0.560   98.9932
 0.570   98.9200
 0.580   98.8786
 0.590   98.7642
 0.600   98.6574
 0.610   98.5734
 0.620   98.3686
 0.630   98.2560
 0.640   98.1058
 0.650   97.7940
 0.660   97.7788
 0.670   97.7460
 0.680   97.6460
 0.690   97.4890
 0.700   96.7696
 0.710   97.0328
 0.720   96.7158
 0.730   96.6296
 0.740   96.2220
 0.750   95.9268
 0.760   95.4904
 0.770   95.5320
 0.780   95.1660
 0.790   94.6108
 0.800   94.6237
 0.820   94.5270
 0.840   94.3100
 0.860   93.3850
 0.880   91.5990
 0.900   91.2340
 0.920   90.6630
 0.940   90.1130
 0.960   88.4780
 0.980   86.1840
 1.000   83.8720
 1.020   82.0690
 1.040   81.4550
 1.060   83.1620
 1.080   82.1010
 1.100   84.7800
 1.120   84.4700
 1.140   82.9290
 1.160   80.1690
 1.180   75.9630
 1.200   65.0150
 1.220   67.5290
 1.240   65.9010
 1.260   64.8110
 1.280   64.6430
 1.300   65.2040
 1.320   63.2540
 1.340   65.8620
 1.360   65.4960
 1.380   64.2190
 1.400   60.9990
 1.420   44.1790
 1.440   20.6330
 1.460   13.9170
 1.480    9.8621
 1.500    8.5267
 1.520    9.1870
 1.540    9.9920
 1.560   11.9100
 1.580   13.6980
 1.600   15.3350
 1.620   16.5310
 1.640   20.2890
 1.660   20.9180
 1.680   24.5220
 1.700   28.3510
 1.720   28.3660
 1.740   29.4560
 1.760   32.7410
 1.780   35.2040
 1.800   36.9860
 1.820   38.7430
 1.840   40.9240
 1.860   37.5480
 1.880   24.9240
 1.900   15.3950
 1.920    9.0951
 1.940    6.2974
 1.960    4.4939
 1.980    3.6272
 2.000    3.5061
 2.020    3.6891
 2.040    4.2149
 2.060    5.0350
 2.080    6.1986
 2.100    8.1691
 2.120   11.1840
 2.140   13.9240
 2.160   17.5410
 2.180   20.1650
 2.200   22.8010
 2.220   26.3190
 2.240   28.3300
 2.250   27.8647
 2.260   26.8477
 2.270   25.0325
 2.280   22.5833
 2.290   19.9565
 2.300   17.5519
 2.310   15.3820
 2.320   13.3702
 2.330   11.7490
 2.340   10.4764
 2.350    9.5201
 2.360    8.8527
 2.370    8.3413
 2.380    8.0238
 2.390    7.7991
 2.400    7.6364
 2.410    7.4401
 2.420    7.2306
 2.430    6.9966
 2.440    6.7887
 2.450    6.5872
 2.460    6.3512
 2.470    6.1363
 2.480    5.9152
 2.490    5.7044
 2.500    5.5555
 2.510    5.4305
 2.520    5.3405
 2.530    5.2719
 2.540    5.2755
 2.550    5.2936
 2.560    5.3000
 2.570    5.3569
 2.580    5.3793
 2.590    5.2741
 2.600    5.2359
 2.610    5.1414
 2.620    4.9320
 2.630    4.6356
 2.640    4.4280
 2.650    4.0222
 2.660    3.5182
 2.670    2.8719
 2.680    2.3403
 2.690    1.7762
 2.700    1.3322
 2.710    0.9539
 2.720    0.6769
 2.730    0.5143
 2.740    0.3777
 2.750    0.3212
 2.760    0.2639
 2.770    0.2399
 2.780    0.2347
 2.790    0.2135
 2.800    0.1902
 2.810    0.1933
 2.820    0.1475
 2.830    0.1657
 2.840    0.1715
 2.850    0.1601
 2.860    0.2100
 2.870    0.1686
 2.880    0.2095
 2.890    0.2463
 2.900    0.3044
 2.910    0.3371
 2.920    0.4285
 2.930    0.5055
 2.940    0.5863
 2.950    0.6629
 2.960    0.7192
 2.970    0.7857
 2.980    0.7967
 2.990    0.8758
 3.000    0.9161
 3.010    1.0294
 3.020    1.1779
 3.030    1.2890
 3.040    1.4925
 3.050    1.7855
 3.060    2.0288
 3.070    2.3163
 3.080    2.5892
 3.090    2.7754
 3.100    2.7457
 3.110    2.5555
 3.120    2.3155
 3.130    2.1493
 3.140    2.0571
 3.150    2.0131
 3.160    2.0035
 3.170    2.0258
 3.180    2.0422
 3.190    2.0512
 3.200    1.9822
 3.210    1.9341
 3.220    1.8644
 3.230    1.7710
 3.240    1.6998
 3.250    1.6368
 3.260    1.5849
 3.270    1.5149
 3.280    1.4777
 3.290    1.4187
 3.300    1.3806
 3.310    1.3338
 3.320    1.3092
 3.330    1.3026
 3.340    1.2657
 3.350    1.2375
 3.360    1.2157
 3.370    1.2232
 3.380    1.2204
 3.390    1.1860
 3.400    1.1725
 3.410    1.1721
 3.420    1.1583
 3.430    1.1526
 3.440    1.1393
 3.450    1.1320
 3.460    1.1313
 3.470    1.1456
 3.480    1.1471
 3.490    1.1494
 3.500    1.1581
 3.510    1.1699
 3.520    1.1670
 3.530    1.1717
 3.540    1.1860
 3.550    1.2025
 3.560    1.2210
 3.570    1.2151
 3.580    1.2239
 3.590    1.2520
 3.600    1.2748
 3.610    1.2843
 3.620    1.2858
 3.630    1.2797
 3.640    1.2811
 3.650    1.2805
 3.660    1.2862
 3.670    1.2826
 3.680    1.2732
 3.690    1.2630
 3.700    1.2363
 3.710    1.2304
 3.720    1.2139
 3.730    1.1779
 3.740    1.1464
 3.750    1.1431
 3.760    1.1320
 3.770    1.0972
 3.780    1.0678
 3.790    1.0475
 3.800    1.0361
 3.810    1.0103
 3.820    0.9781
 3.830    0.9694
 3.840    0.9608
 3.850    0.9391
 3.860    0.9152
 3.870    0.9054
 3.880    0.8919
 3.890    0.8867
 3.900    0.8835
 3.910    0.8730
 3.920    0.8466
 3.930    0.8368
 3.940    0.8388
 3.950    0.8280
 3.960    0.8125
 3.970    0.7953
 3.980    0.7965
 3.990    0.7962
 4.000    0.7841
 4.010    0.7714
 4.020    0.7669
 4.030    0.7594
 4.040    0.7552
 4.050    0.7576
 4.060    0.7536
 4.070    0.7448
 4.080    0.7323
 4.090    0.7248
 4.100    0.7281
 4.110    0.7226
 4.120    0.7206
 4.130    0.7202
 4.140    0.7144
 4.150    0.7198
 4.160    0.7180
 4.170    0.7047
 4.180    0.7053
 4.190    0.7056
 4.200    0.6906
 4.210    0.6812
 4.220    0.6864
 4.230    0.6866
 4.240    0.6692
 4.250    0.6613
 4.260    0.6703
 4.270    0.6725
 4.280    0.6563
 4.290    0.6466
 4.300    0.6548
 4.310    0.6583
 4.320    0.6514
 4.330    0.6460
 4.340    0.6415
 4.350    0.6401
 4.360    0.6405
 4.370    0.6388
 4.380    0.6379
 4.390    0.6384
 4.400    0.6317
 4.410    0.6294
 4.420    0.6349
 4.430    0.6320
 4.440    0.6360
 4.450    0.6471
 4.460    0.6462
 4.470    0.6386
 4.480    0.6353
 4.490    0.6375
 4.500    0.6434
 4.510    0.6399
 4.520    0.6283
 4.530    0.6313
 4.540    0.6539
 4.550    0.6737
 4.560    0.6742
 4.570    0.6627
 4.580    0.6558
 4.590    0.6540
 4.600    0.6558
 4.610    0.6663
 4.620    0.6733
 4.630    0.6682
 4.640    0.6626
 4.650    0.6638
 4.660    0.6704
 4.670    0.6718
 4.680    0.6710
 4.690    0.6761
 4.700    0.6881
 4.710    0.6941
 4.720    0.6882
 4.730    0.6791
 4.740    0.6822
 4.750    0.6874
 4.760    0.6879
 4.770    0.6900
 4.780    0.6926
 4.790    0.6946
 4.800    0.6993
 4.810    0.7034
 4.820    0.7022
 4.830    0.6996
 4.840    0.7002
 4.850    0.7039
 4.860    0.7108
 4.870    0.7191
 4.880    0.7286
 4.890    0.7329
 4.900    0.7330
 4.910    0.7366
 4.920    0.7385
 4.930    0.7335
 4.940    0.7290
 4.950    0.7345
 4.960    0.7443
 4.970    0.7441
 4.980    0.7293
 4.990    0.7218
 5.000    0.7309
 5.010    0.7403
 5.020    0.7380
 5.030    0.7294
 5.040    0.7272
 5.050    0.7344
 5.060    0.7417
 5.070    0.7416
 5.080    0.7351
 5.090    0.7275
 5.100    0.7213
 5.110    0.7189
 5.120    0.7200
 5.130    0.7195
 5.140    0.7111
 5.150    0.7010
 5.160    0.6963
 5.170    0.6965
 5.180    0.6946
 5.190    0.6889
 5.200    0.6815
 5.210    0.6773
 5.220    0.6734
 5.230    0.6658
 5.240    0.6556
 5.250    0.6465
 5.260    0.6429
 5.270    0.6459
 5.280    0.6503
 5.290    0.6493
 5.300    0.6424
 5.310    0.6309
 5.320    0.6246
 5.330    0.6233
 5.340    0.6200
 5.350    0.6141
 5.360    0.6086
 5.370    0.6086
 5.380    0.6125
 5.390    0.6091
 5.400    0.5984
 5.410    0.5863
 5.420    0.5775
 5.430    0.5796
 5.440    0.5821
 5.450    0.5779
 5.460    0.5663
 5.470    0.5593
 5.480    0.5615
 5.490    0.5676
 5.500    0.5733
 5.510    0.5734
 5.520    0.5695
 5.530    0.5596
 5.540    0.5489
 5.550    0.5433
 5.560    0.5409
 5.570    0.5395
 5.580    0.5381
 5.590    0.5356
 5.600    0.5315
 5.610    0.5267
 5.620    0.5191
 5.630    0.5088
 5.640    0.5049
 5.650    0.5057
 5.660    0.5077
 5.670    0.5076
 5.680    0.5029
 5.690    0.4990
 5.700    0.4970
 5.710    0.4978
 5.720    0.5000
 5.730    0.4980
 5.740    0.4909
 5.750    0.4799
 5.760    0.4722
 5.770    0.4753
 5.780    0.4843
 5.790    0.4914
 5.800    0.4893
 5.810    0.4771
 5.820    0.4638
 5.830    0.4640
 5.840    0.4720
 5.850    0.4784
 5.860    0.4739
 5.870    0.4625
 5.880    0.4508
 5.890    0.4464
 5.900    0.4517
 5.910    0.4589
 5.920    0.4617
 5.930    0.4602
 5.940    0.4575
 5.950    0.4536
 5.960    0.4516
 5.970    0.4522
 5.980    0.4556
 5.990    0.4610
 6.000    0.4641
 6.010    0.4615
 6.020    0.4533
 6.030    0.4447
 6.040    0.4353
 6.050    0.4334
 6.060    0.4430
 6.070    0.4577
 6.080    0.4659
 6.090    0.4627
 6.100    0.4556
 6.110    0.4472
 6.120    0.4462
 6.130    0.4497
 6.140    0.4534
 6.150    0.4505
 6.160    0.4415
 6.170    0.4334
 6.180    0.4317
 6.190    0.4355
 6.200    0.4449
 6.210    0.4530
 6.220    0.4630
 6.230    0.4701
 6.240    0.4727
 6.250    0.4740
 6.260    0.4755
 6.270    0.4769
 6.280    0.4771
 6.290    0.4768
 6.300    0.4750
 6.310    0.4718
 6.320    0.4701
 6.330    0.4704
 6.340    0.4710
 6.350    0.4718
 6.360    0.4699
 6.370    0.4656
 6.380    0.4579
 6.390    0.4500
 6.400    0.4457
 6.410    0.4443
 6.420    0.4486
 6.430    0.4580
 6.440    0.4656
 6.450    0.4712
 6.460    0.4741
 6.470    0.4729
 6.480    0.4722
 6.490    0.4732
 6.500    0.4756
 6.510    0.4779
 6.520    0.4791
 6.530    0.4801
 6.540    0.4812
 6.550    0.4847
 6.560    0.4881
 6.570    0.4898
 6.580    0.4916
 6.590    0.4924
 6.600    0.4905
 6.610    0.4862
 6.620    0.4834
 6.630    0.4827
 6.640    0.4860
 6.650    0.4971
 6.660    0.5090
 6.670    0.5141
 6.680    0.5156
 6.690    0.5141
 6.700    0.5115
 6.710    0.5101
 6.720    0.5120
 6.730    0.5160
 6.740    0.5177
 6.750    0.5167
 6.760    0.5123
 6.770    0.5054
 6.780    0.4988
 6.790    0.4950
 6.800    0.4978
 6.810    0.5018
 6.820    0.5042
 6.830    0.5030
 6.840    0.4983
 6.850    0.4931
 6.860    0.4899
 6.870    0.4907
 6.880    0.4980
 6.890    0.5080
 6.900    0.5132
 6.910    0.5162
 6.920    0.5182
 6.930    0.5189
 6.940    0.5193
 6.950    0.5195
 6.960    0.5200
 6.970    0.5215
 6.980    0.5238
 6.990    0.5269
 7.000    0.5300
 7.010    0.5312
 7.020    0.5262
 7.030    0.5149
 7.040    0.5060
 7.050    0.4990
 7.060    0.4954
 7.070    0.4963
 7.080    0.5004
 7.090    0.5063
 7.100    0.5118
 7.110    0.5151
 7.120    0.5157
 7.130    0.5141
 7.140    0.5113
 7.150    0.5087
 7.160    0.5072
 7.170    0.5075
 7.180    0.5092
 7.190    0.5108
 7.200    0.5108
 7.210    0.5077
 7.220    0.5016
 7.230    0.4935
 7.240    0.4862
 7.250    0.4822
 7.260    0.4824
 7.270    0.4865
 7.280    0.4921
 7.290    0.4959
 7.300    0.4959
 7.310    0.4929
 7.320    0.4876
 7.330    0.4824
 7.340    0.4786
 7.350    0.4765
 7.360    0.4760
 7.370    0.4758
 7.380    0.4758
 7.400    0.4765
 7.410    0.4779
 7.420    0.4796
 7.430    0.4812
 7.440    0.4824
 7.450    0.4827
 7.460    0.4817
 7.470    0.4796
 7.480    0.4769
 7.490    0.4738
 7.500    0.4705
 7.510    0.4674
 7.520    0.4651
 7.540    0.4630
 7.550    0.4607
 7.560    0.4577
 7.570    0.4551
 7.580    0.4540
 7.590    0.4554
 7.600    0.4602
 7.610    0.4679
 7.620    0.4771
 7.630    0.4855
 7.650    0.4909
 7.660    0.4921
 7.670    0.4890
 7.680    0.4827
 7.690    0.4753
 7.700    0.4691
 7.710    0.4653
 7.730    0.4648
 7.740    0.4672
 7.750    0.4715
 7.760    0.4760
 7.770    0.4796
 7.780    0.4819
 7.800    0.4824
 7.810    0.4809
 7.820    0.4786
 7.830    0.4765
 7.840    0.4753
 7.850    0.4746
 7.870    0.4748
 7.880    0.4755
 7.890    0.4755
 7.900    0.4741
 7.910    0.4722
 7.930    0.4708
 7.940    0.4704
 7.950    0.4705
 7.960    0.4717
 7.980    0.4725
 7.990    0.4720
 8.000    0.4699
 8.010    0.4663
 8.030    0.4625
 8.040    0.4592
 8.050    0.4571
 8.060    0.4564
 8.080    0.4573
 8.090    0.4602
 8.100    0.4644
 8.110    0.4699
 8.130    0.4758
 8.140    0.4805
 8.150    0.4827
 8.160    0.4824
 8.180    0.4807
 8.190    0.4789
 8.200    0.4769
 8.220    0.4755
 8.230    0.4748
 8.240    0.4743
 8.260    0.4741
 8.270    0.4750
 8.280    0.4769
 8.290    0.4789
 8.310    0.4791
 8.320    0.4765
 8.330    0.4708
 8.350    0.4640
 8.360    0.4585
 8.380    0.4561
 8.390    0.4559
 8.400    0.4566
 8.420    0.4566
 8.430    0.4549
 8.440    0.4518
 8.460    0.4502
 8.470    0.4513
 8.480    0.4554
 8.500    0.4607
 8.510    0.4658
 8.530    0.4696
 8.540    0.4705
 8.550    0.4696
 8.570    0.4677
 8.580    0.4651
 8.600    0.4618
 8.610    0.4580
 8.630    0.4544
 8.640    0.4513
 8.650    0.4490
 8.670    0.4485
 8.680    0.4505
 8.700    0.4549
 8.710    0.4620
 8.730    0.4710
 8.740    0.4801
 8.760    0.4862
 8.770    0.4871
 8.790    0.4817
 8.800    0.4712
 8.820    0.4587
 8.830    0.4485
 8.850    0.4424
 8.860    0.4412
 8.880    0.4428
 8.890    0.4446
 8.910    0.4447
 8.920    0.4428
 8.940    0.4414
 8.950    0.4421
 8.970    0.4457
 8.980    0.4507
 9.000    0.4544
 9.020    0.4556
 9.030    0.4533
 9.050    0.4483
 9.060    0.4436
 9.080    0.4419
 9.100    0.4449
 9.110    0.4509
 9.130    0.4587
 9.140    0.4674
 9.160    0.4750
 9.180    0.4798
 9.190    0.4824
 9.210    0.4835
 9.220    0.4827
 9.240    0.4786
 9.260    0.4722
 9.270    0.4653
 9.290    0.4594
 9.310    0.4559
 9.320    0.4566
 9.340    0.4615
 9.360    0.4682
 9.370    0.4748
 9.390    0.4807
 9.410    0.4862
 9.430    0.4911
 9.440    0.4954
 9.460    0.4988
 9.480    0.4996
 9.490    0.4968
 9.510    0.4916
 9.530    0.4852
 9.550    0.4791
 9.560    0.4734
 9.580    0.4666
 9.600    0.4573
 9.620    0.4443
 9.640    0.4284
 9.650    0.4121
 9.670    0.3981
 9.690    0.3891
 9.710    0.3848
 9.730    0.3830
 9.740    0.3797
 9.760    0.3713
 9.780    0.3578
 9.800    0.3408
 9.820    0.3245
 9.840    0.3126
 9.860    0.3069
 9.870    0.3064
 9.890    0.3086
 9.910    0.3088
 9.930    0.3055
 9.950    0.2984
 9.970    0.2892
 9.990    0.2785
10.010    0.2681
10.030    0.2596
10.050    0.2527
10.070    0.2473
10.090    0.2435
10.110    0.2415
10.130    0.2418
10.150    0.2432
10.170    0.2458
10.180    0.2489
10.210    0.2506
10.230    0.2496
10.250    0.2456
10.270    0.2399
10.290    0.2335
10.310    0.2283
10.330    0.2245
10.350    0.2216
10.370    0.2188
10.390    0.2162
10.410    0.2143
10.430    0.2141
10.450    0.2172
10.470    0.2233
10.490    0.2313
10.520    0.2399
10.540    0.2482
10.560    0.2563
10.580    0.2650
10.600    0.2757
10.620    0.2903
10.650    0.3088
10.670    0.3296
10.690    0.3512
10.710    0.3708
10.730    0.3863
10.760    0.3971
10.780    0.4050
10.800    0.4125
10.820    0.4216
10.850    0.4329
10.870    0.4474
10.890    0.4641
10.910    0.4822
10.940    0.5013
10.960    0.5222
10.980    0.5451
11.010    0.5693
11.030    0.5933
11.050    0.6159
11.080    0.6353
11.100    0.6501
11.120    0.6600
11.150    0.6669
11.170    0.6707
11.200    0.6740
11.220    0.6794
11.250    0.6894
11.270    0.7048
11.290    0.7259
11.320    0.7510
11.340    0.7768
11.370    0.7985
11.390    0.8137
11.420    0.8227
11.440    0.8272
11.470    0.8312
11.490    0.8379
11.520    0.8492
11.550    0.8655
11.570    0.8841
11.600    0.9011
11.620    0.9153
11.650    0.9260
11.680    0.9345
11.700    0.9423
11.730    0.9518
11.760    0.9643
11.780    0.9790
11.810    0.9943
11.840    1.0088
11.860    1.0214
11.890    1.0316
11.920    1.0389
11.950    1.0441
11.970    1.0482
12.000    1.0524
12.030    1.0586
12.060    1.0686
12.080    1.0825
12.110    1.0991
12.140    1.1149
12.170    1.1263
12.200    1.1317
12.230    1.1330
12.260    1.1327
12.280    1.1353
12.310    1.1433
12.340    1.1563
12.370    1.1696
12.400    1.1788
12.430    1.1818
12.460    1.1777
12.490    1.1685
12.520    1.1571
12.550    1.1486
12.580    1.1460
12.610    1.1502
12.640    1.1606
12.680    1.1746
12.710    1.1882
12.740    1.1959
12.770    1.1941
12.800    1.1824
12.830    1.1635
12.860    1.1417
12.900    1.1228
12.930    1.1116
12.960    1.1102
12.990    1.1173
13.030    1.1277
13.060    1.1353
13.090    1.1356
13.120    1.1272
13.160    1.1133
13.190    1.0995
13.220    1.0924
13.260    1.0952
13.290    1.1064
13.330    1.1197
13.360    1.1284
13.400    1.1279
13.430    1.1171
13.470    1.0988
13.500    1.0775
13.540    1.0579
13.570    1.0444
13.610    1.0396
13.640    1.0439
13.680    1.0500
13.710    1.0656
13.750    1.0761
13.790    1.0787
13.820    1.0699
13.860    1.0524
13.900    1.0337
13.940    1.0200
13.970    1.0096
14.010    1.0100
