 0.300   95.2613
 0.310   95.4370
 0.320   95.7250
 0.330   95.8830
 0.340   96.0984
 0.350   96.2896
 0.360   96.4234
 0.370   96.5494
 0.380   96.7268
 0.390   96.8430
 0.400   96.9874
 0.410   97.1520
 0.420   97.2646
 0.430   97.4454
 0.440   97.5054
 0.450   97.8490
 0.460   97.9078
 0.470   97.8732
 0.480   97.7808
 0.490   97.7362
 0.500   97.6340
 0.510   97.5818
 0.520   97.5276
 0.530   97.4620
 0.540   97.2964
 0.550   97.1630
 0.560   97.1228
 0.570   97.0594
 0.580   96.8980
 0.590   96.7226
 0.600   96.3570
 0.610   95.5078
 0.620   95.6908
 0.630   95.2986
 0.640   94.9002
 0.650   94.5672
 0.660   94.2172
 0.670   93.6108
 0.680   93.6192
 0.690   93.1992
 0.700   92.5046
 0.710   92.0362
 0.720   91.5254
 0.730   91.2134
 0.740   90.6724
 0.750   89.9820
 0.760   89.1346
 0.770   88.1982
 0.780   87.0520
 0.790   86.4824
 0.800   85.8460
 0.820   85.2430
 0.840   85.2360
 0.860   82.8540
 0.880   79.3290
 0.900   77.3930
 0.920   76.2460
 0.940   74.9770
 0.960   71.6990
 0.980   67.0850
 1.000   60.8970
 1.020   57.4940
 1.040   57.1240
 1.060   60.0210
 1.080   62.2260
 1.100   62.7290
 1.120   61.9590
 1.140   59.0470
 1.160   54.5580
 1.180   47.3760
 1.200   41.5390
 1.220   34.0440
 1.240   31.5480
 1.260   30.3300
 1.280   30.5110
 1.300   30.8370
 1.320   31.1360
 1.340   31.2110
 1.360   30.2540
 1.380   28.7190
 1.400   25.1350
 1.420   11.2590
 1.440    2.3123
 1.460    1.0524
 1.480    0.6185
 1.500    0.5088
 1.520    0.5607
 1.540    0.6337
 1.560    0.8011
 1.580    1.0098
 1.600    1.1871
 1.620    1.4246
 1.640    1.8839
 1.660    2.4425
 1.680    3.0950
 1.700    3.7228
 1.720    4.2260
 1.740    4.7941
 1.760    5.3746
 1.780    6.1669
 1.800    7.0924
 1.820    8.1850
 1.840    9.2146
 1.860    7.5987
 1.880    3.0307
 1.900    1.2170
 1.920    0.5351
 1.940    0.3376
 1.960    0.2420
 1.980    0.2043
 2.000    0.1998
 2.020    0.2068
 2.040    0.2263
 2.060    0.2606
 2.080    0.3143
 2.100    0.4207
 2.120    0.6527
 2.140    1.0261
 2.160    1.4709
 2.180    1.9866
 2.200    2.6207
 2.220    3.3166
 2.240    3.6959
 2.250    3.6774
 2.260    3.5804
 2.270    3.3608
 2.280    3.0838
 2.290    2.7976
 2.300    2.5400
 2.310    2.3023
 2.320    2.1368
 2.330    2.0203
 2.340    1.9144
 2.350    1.8107
 2.360    1.7499
 2.370    1.6996
 2.380    1.6824
 2.390    1.6372
 2.400    1.6010
 2.410    1.6033
 2.420    1.5740
 2.430    1.5560
 2.440    1.5085
 2.450    1.4980
 2.460    1.4850
 2.470    1.4655
 2.480    1.4532
 2.490    1.4366
 2.500    1.3805
 2.510    1.3594
 2.520    1.3669
 2.530    1.3507
 2.540    1.3069
 2.550    1.3149
 2.560    1.3295
 2.570    1.2941
 2.580    1.3010
 2.590    1.2920
 2.600    1.2696
 2.610    1.2394
 2.620    1.2154
 2.630    1.1571
 2.640    1.1368
 2.650    1.0876
 2.660    1.0655
 2.670    1.0008
 2.680    0.9252
 2.690    0.8922
 2.700    0.8092
 2.710    0.7619
 2.720    0.7064
 2.730    0.6462
 2.740    0.6051
 2.750    0.5836
 2.760    0.5835
 2.770    0.5248
 2.780    0.4852
 2.790    0.4824
 2.800    0.4301
 2.810    0.4153
 2.820    0.3995
 2.830    0.3987
 2.840    0.3941
 2.850    0.4132
 2.860    0.4423
 2.870    0.4655
 2.880    0.5248
 2.890    0.6481
 2.900    0.7988
 2.910    0.9968
 2.920    1.1951
 2.930    1.4363
 2.940    1.7019
 2.950    1.9031
 2.960    2.0988
 2.970    2.2787
 2.980    2.4275
 2.990    2.6393
 3.000    2.8780
 3.010    3.2290
 3.020    3.6494
 3.030    4.1496
 3.040    4.6892
 3.050    5.3579
 3.060    5.9129
 3.070    6.4654
 3.080    6.7624
 3.090    6.8221
 3.100    6.6882
 3.110    6.3592
 3.120    6.0788
 3.130    5.8938
 3.140    5.7771
 3.150    5.7110
 3.160    5.6735
 3.170    5.6284
 3.180    5.5756
 3.190    5.4405
 3.200    5.3060
 3.210    5.0968
 3.220    4.8930
 3.230    4.6843
 3.240    4.4740
 3.250    4.3042
 3.260    4.1439
 3.270    3.9927
 3.280    3.8771
 3.290    3.7495
 3.300    3.6486
 3.310    3.5629
 3.320    3.4745
 3.330    3.3854
 3.340    3.3024
 3.350    3.2382
 3.360    3.2007
 3.370    3.1452
 3.380    3.0470
 3.390    2.9837
 3.400    2.9587
 3.410    2.9320
 3.420    2.8882
 3.430    2.8326
 3.440    2.7706
 3.450    2.7262
 3.460    2.7029
 3.470    2.6574
 3.480    2.6098
 3.490    2.5865
 3.500    2.5668
 3.510    2.5300
 3.520    2.4785
 3.530    2.4839
 3.540    2.4587
 3.550    2.4288
 3.560    2.4066
 3.570    2.3853
 3.580    2.3806
 3.590    2.3674
 3.600    2.3481
 3.610    2.3141
 3.620    2.2957
 3.630    2.3007
 3.640    2.2701
 3.650    2.2495
 3.660    2.2404
 3.670    2.2155
 3.680    2.2071
 3.690    2.1988
 3.700    2.1843
 3.710    2.1486
 3.720    2.1610
 3.730    2.1583
 3.740    2.1239
 3.750    2.1187
 3.760    2.1151
 3.770    2.0953
 3.780    2.0825
 3.790    2.0800
 3.800    2.0725
 3.810    2.0539
 3.820    2.0456
 3.830    2.0489
 3.840    2.0531
 3.850    2.0367
 3.860    2.0054
 3.870    2.0050
 3.880    2.0087
 3.890    1.9854
 3.900    1.9673
 3.910    1.9618
 3.920    1.9641
 3.930    1.9609
 3.940    1.9600
 3.950    1.9560
 3.960    1.9354
 3.970    1.9283
 3.980    1.9295
 3.990    1.9228
 4.000    1.9241
 4.010    1.9156
 4.020    1.9021
 4.030    1.8999
 4.040    1.8829
 4.050    1.8573
 4.060    1.8672
 4.070    1.8877
 4.080    1.8739
 4.090    1.8523
 4.100    1.8572
 4.110    1.8603
 4.120    1.8475
 4.130    1.8436
 4.140    1.8437
 4.150    1.8344
 4.160    1.8330
 4.170    1.8319
 4.180    1.8229
 4.190    1.8325
 4.200    1.8349
 4.210    1.8119
 4.220    1.7979
 4.230    1.8020
 4.240    1.8088
 4.250    1.8043
 4.260    1.8007
 4.270    1.7991
 4.280    1.7942
 4.290    1.7950
 4.300    1.7996
 4.310    1.7931
 4.320    1.7812
 4.330    1.7828
 4.340    1.7943
 4.350    1.7943
 4.360    1.7854
 4.370    1.7817
 4.380    1.7786
 4.390    1.7830
 4.400    1.7908
 4.410    1.7960
 4.420    1.7979
 4.430    1.7828
 4.440    1.7807
 4.450    1.8065
 4.460    1.8270
 4.470    1.8231
 4.480    1.8147
 4.490    1.8170
 4.500    1.8187
 4.510    1.8158
 4.520    1.8191
 4.530    1.8285
 4.540    1.8319
 4.550    1.8338
 4.560    1.8398
 4.570    1.8418
 4.580    1.8412
 4.590    1.8422
 4.600    1.8431
 4.610    1.8514
 4.620    1.8641
 4.630    1.8704
 4.640    1.8698
 4.650    1.8643
 4.660    1.8567
 4.670    1.8523
 4.680    1.8493
 4.690    1.8489
 4.700    1.8514
 4.710    1.8480
 4.720    1.8368
 4.730    1.8250
 4.740    1.8235
 4.750    1.8235
 4.760    1.8154
 4.770    1.8106
 4.780    1.8195
 4.790    1.8287
 4.800    1.8222
 4.810    1.8085
 4.820    1.8032
 4.830    1.8014
 4.840    1.7992
 4.850    1.7972
 4.860    1.7950
 4.870    1.7918
 4.880    1.7885
 4.890    1.7870
 4.900    1.7879
 4.910    1.7847
 4.920    1.7798
 4.930    1.7810
 4.940    1.7860
 4.950    1.7840
 4.960    1.7735
 4.970    1.7641
 4.980    1.7545
 4.990    1.7453
 5.000    1.7418
 5.010    1.7432
 5.020    1.7471
 5.030    1.7492
 5.040    1.7444
 5.050    1.7363
 5.060    1.7329
 5.070    1.7332
 5.080    1.7302
 5.090    1.7210
 5.100    1.7082
 5.110    1.7009
 5.120    1.7061
 5.130    1.7148
 5.140    1.7104
 5.150    1.6946
 5.160    1.6832
 5.170    1.6829
 5.180    1.6839
 5.190    1.6769
 5.200    1.6635
 5.210    1.6546
 5.220    1.6512
 5.230    1.6507
 5.240    1.6529
 5.250    1.6561
 5.260    1.6580
 5.270    1.6530
 5.280    1.6458
 5.290    1.6440
 5.300    1.6442
 5.310    1.6401
 5.320    1.6273
 5.330    1.6192
 5.340    1.6257
 5.350    1.6364
 5.360    1.6426
 5.370    1.6387
 5.380    1.6260
 5.390    1.6112
 5.400    1.6009
 5.410    1.5920
 5.420    1.5862
 5.430    1.5841
 5.440    1.5800
 5.450    1.5734
 5.460    1.5652
 5.470    1.5602
 5.480    1.5573
 5.490    1.5585
 5.500    1.5673
 5.510    1.5741
 5.520    1.5713
 5.530    1.5526
 5.540    1.5355
 5.550    1.5322
 5.560    1.5362
 5.570    1.5394
 5.580    1.5362
 5.590    1.5282
 5.600    1.5172
 5.610    1.5125
 5.620    1.5145
 5.630    1.5180
 5.640    1.5147
 5.650    1.5039
 5.660    1.4941
 5.670    1.4924
 5.680    1.4939
 5.690    1.4889
 5.700    1.4741
 5.710    1.4588
 5.720    1.4548
 5.730    1.4628
 5.740    1.4696
 5.750    1.4682
 5.760    1.4621
 5.770    1.4597
 5.780    1.4637
 5.790    1.4731
 5.800    1.4815
 5.810    1.4831
 5.820    1.4773
 5.830    1.4723
 5.840    1.4714
 5.850    1.4728
 5.860    1.4701
 5.870    1.4616
 5.880    1.4486
 5.890    1.4370
 5.900    1.4346
 5.910    1.4404
 5.920    1.4518
 5.930    1.4614
 5.940    1.4642
 5.950    1.4661
 5.960    1.4709
 5.970    1.4823
 5.980    1.4943
 5.990    1.4989
 6.000    1.4967
 6.010    1.4943
 6.020    1.4943
 6.030    1.4953
 6.040    1.4966
 6.050    1.4981
 6.060    1.5055
 6.070    1.5199
 6.080    1.5366
 6.090    1.5504
 6.100    1.5557
 6.110    1.5568
 6.120    1.5554
 6.130    1.5539
 6.140    1.5510
 6.150    1.5490
 6.160    1.5501
 6.170    1.5542
 6.180    1.5590
 6.190    1.5659
 6.200    1.5715
 6.210    1.5741
 6.220    1.5752
 6.230    1.5739
 6.240    1.5715
 6.250    1.5701
 6.260    1.5751
 6.270    1.5828
 6.280    1.5968
 6.290    1.6065
 6.300    1.6078
 6.310    1.6048
 6.320    1.6016
 6.330    1.6021
 6.340    1.6054
 6.350    1.6132
 6.360    1.6201
 6.370    1.6222
 6.380    1.6174
 6.390    1.6061
 6.400    1.5981
 6.410    1.5940
 6.420    1.6022
 6.430    1.6239
 6.440    1.6411
 6.450    1.6549
 6.460    1.6642
 6.470    1.6643
 6.480    1.6634
 6.490    1.6636
 6.500    1.6653
 6.510    1.6646
 6.520    1.6612
 6.530    1.6570
 6.540    1.6537
 6.550    1.6544
 6.560    1.6615
 6.570    1.6691
 6.580    1.6765
 6.590    1.6816
 6.600    1.6837
 6.610    1.6807
 6.620    1.6778
 6.630    1.6766
 6.640    1.6776
 6.650    1.6820
 6.660    1.6868
 6.670    1.6896
 6.680    1.6923
 6.690    1.6954
 6.700    1.6991
 6.710    1.7027
 6.720    1.7037
 6.730    1.6990
 6.740    1.6932
 6.750    1.6871
 6.760    1.6816
 6.770    1.6776
 6.780    1.6743
 6.790    1.6694
 6.800    1.6636
 6.810    1.6601
 6.820    1.6577
 6.830    1.6572
 6.840    1.6599
 6.850    1.6655
 6.860    1.6731
 6.870    1.6814
 6.880    1.6900
 6.890    1.6923
 6.900    1.6901
 6.910    1.6866
 6.920    1.6832
 6.930    1.6807
 6.940    1.6797
 6.950    1.6802
 6.960    1.6824
 6.970    1.6857
 6.980    1.6894
 6.990    1.6927
 7.000    1.6949
 7.010    1.6952
 7.020    1.6927
 7.030    1.6896
 7.040    1.6890
 7.050    1.6890
 7.060    1.6888
 7.070    1.6868
 7.080    1.6824
 7.090    1.6760
 7.100    1.6689
 7.110    1.6636
 7.120    1.6617
 7.130    1.6638
 7.140    1.6684
 7.150    1.6729
 7.160    1.6752
 7.170    1.6743
 7.180    1.6710
 7.190    1.6663
 7.200    1.6615
 7.210    1.6577
 7.220    1.6549
 7.230    1.6518
 7.240    1.6492
 7.250    1.6475
 7.260    1.6471
 7.270    1.6468
 7.280    1.6459
 7.290    1.6433
 7.300    1.6387
 7.310    1.6326
 7.320    1.6262
 7.330    1.6210
 7.340    1.6172
 7.350    1.6149
 7.360    1.6139
 7.370    1.6142
 7.380    1.6158
 7.400    1.6193
 7.410    1.6246
 7.420    1.6290
 7.430    1.6300
 7.440    1.6252
 7.450    1.6142
 7.460    1.5976
 7.470    1.5798
 7.480    1.5667
 7.490    1.5620
 7.500    1.5663
 7.510    1.5772
 7.520    1.5900
 7.540    1.5989
 7.550    1.6009
 7.560    1.5957
 7.570    1.5855
 7.580    1.5730
 7.590    1.5618
 7.600    1.5547
 7.610    1.5521
 7.620    1.5528
 7.630    1.5554
 7.650    1.5580
 7.660    1.5590
 7.670    1.5568
 7.680    1.5531
 7.690    1.5493
 7.700    1.5459
 7.710    1.5445
 7.730    1.5447
 7.740    1.5459
 7.750    1.5467
 7.760    1.5469
 7.770    1.5464
 7.780    1.5457
 7.800    1.5450
 7.810    1.5447
 7.820    1.5445
 7.830    1.5426
 7.840    1.5383
 7.850    1.5327
 7.870    1.5263
 7.880    1.5215
 7.890    1.5201
 7.900    1.5227
 7.910    1.5275
 7.930    1.5319
 7.940    1.5339
 7.950    1.5329
 7.960    1.5308
 7.980    1.5294
 7.990    1.5301
 8.000    1.5329
 8.010    1.5362
 8.030    1.5388
 8.040    1.5393
 8.050    1.5381
 8.060    1.5355
 8.080    1.5327
 8.090    1.5294
 8.100    1.5263
 8.110    1.5244
 8.130    1.5253
 8.140    1.5301
 8.150    1.5374
 8.160    1.5450
 8.180    1.5506
 8.190    1.5526
 8.200    1.5504
 8.220    1.5452
 8.230    1.5386
 8.240    1.5317
 8.260    1.5248
 8.270    1.5178
 8.280    1.5120
 8.290    1.5092
 8.310    1.5102
 8.320    1.5140
 8.330    1.5192
 8.350    1.5242
 8.360    1.5265
 8.380    1.5263
 8.390    1.5246
 8.400    1.5232
 8.420    1.5239
 8.430    1.5258
 8.440    1.5277
 8.460    1.5268
 8.470    1.5213
 8.480    1.5109
 8.500    1.4974
 8.510    1.4831
 8.530    1.4721
 8.540    1.4659
 8.550    1.4652
 8.570    1.4685
 8.580    1.4742
 8.600    1.4803
 8.610    1.4853
 8.630    1.4879
 8.640    1.4895
 8.650    1.4905
 8.670    1.4905
 8.680    1.4898
 8.700    1.4884
 8.710    1.4851
 8.730    1.4793
 8.740    1.4721
 8.760    1.4657
 8.770    1.4619
 8.790    1.4619
 8.800    1.4654
 8.820    1.4713
 8.830    1.4751
 8.850    1.4732
 8.860    1.4659
 8.880    1.4560
 8.890    1.4479
 8.910    1.4458
 8.920    1.4514
 8.940    1.4616
 8.950    1.4695
 8.970    1.4701
 8.980    1.4614
 9.000    1.4448
 9.020    1.4259
 9.030    1.4110
 9.050    1.4048
 9.060    1.4060
 9.080    1.4116
 9.100    1.4183
 9.110    1.4228
 9.130    1.4235
 9.140    1.4211
 9.160    1.4178
 9.180    1.4141
 9.190    1.4095
 9.210    1.4039
 9.220    1.3975
 9.240    1.3903
 9.260    1.3840
 9.270    1.3790
 9.290    1.3742
 9.310    1.3686
 9.320    1.3607
 9.340    1.3515
 9.360    1.3416
 9.370    1.3328
 9.390    1.3267
 9.410    1.3231
 9.430    1.3205
 9.440    1.3157
 9.460    1.3084
 9.480    1.2975
 9.490    1.2831
 9.510    1.2658
 9.530    1.2468
 9.550    1.2296
 9.560    1.2165
 9.580    1.2087
 9.600    1.2073
 9.620    1.2110
 9.640    1.2161
 9.650    1.2168
 9.670    1.2110
 9.690    1.1995
 9.710    1.1819
 9.730    1.1606
 9.740    1.1386
 9.760    1.1175
 9.780    1.0974
 9.800    1.0787
 9.820    1.0626
 9.840    1.0493
 9.860    1.0385
 9.870    1.0285
 9.890    1.0188
 9.910    1.0076
 9.930    0.9948
 9.950    0.9807
 9.970    0.9662
 9.990    0.9532
10.010    0.9425
10.030    0.9342
10.050    0.9276
10.070    0.9224
10.090    0.9186
10.110    0.9148
10.130    0.9092
10.150    0.9004
10.170    0.8862
10.180    0.8658
10.210    0.8400
10.230    0.8132
10.250    0.7903
10.270    0.7756
10.290    0.7709
10.310    0.7732
10.330    0.7777
10.350    0.7794
10.370    0.7760
10.390    0.7679
10.410    0.7582
10.430    0.7521
10.450    0.7517
10.470    0.7557
10.490    0.7630
10.520    0.7735
10.540    0.7867
10.560    0.8021
10.580    0.8210
10.600    0.8445
10.620    0.8727
10.650    0.9046
10.670    0.9414
10.690    0.9842
10.710    1.0313
10.730    1.0806
10.760    1.1292
10.780    1.1758
10.800    1.2206
10.820    1.2649
10.850    1.3117
10.870    1.3631
10.890    1.4180
10.910    1.4747
10.940    1.5312
10.960    1.5881
10.980    1.6461
11.010    1.7070
11.030    1.7709
11.050    1.8370
11.080    1.9030
11.100    1.9661
11.120    2.0250
11.150    2.0816
11.170    2.1387
11.200    2.1976
11.220    2.2585
11.250    2.3203
11.270    2.3812
11.290    2.4396
11.320    2.4951
11.340    2.5494
11.370    2.6033
11.390    2.6580
11.420    2.7142
11.440    2.7720
11.470    2.8313
11.490    2.8913
11.520    2.9496
11.550    3.0030
11.570    3.0492
11.600    3.0878
11.620    3.1210
11.650    3.1515
11.680    3.1837
11.700    3.2200
11.730    3.2605
11.760    3.3036
11.780    3.3481
11.810    3.3931
11.840    3.4374
11.860    3.4819
11.890    3.5281
11.920    3.5771
11.950    3.6292
11.970    3.6837
12.000    3.7398
12.030    3.7954
12.060    3.8475
12.080    3.8954
12.110    3.9401
12.140    3.9827
12.170    4.0239
12.200    4.0645
12.230    4.1059
12.260    4.1464
12.280    4.1838
12.310    4.2179
12.340    4.2485
12.370    4.2748
12.400    4.2958
12.430    4.3129
12.460    4.3295
12.490    4.3474
12.520    4.3668
12.550    4.3889
12.580    4.4133
12.610    4.4386
12.640    4.4628
12.680    4.4848
12.710    4.5052
12.740    4.5232
12.770    4.5362
12.800    4.5419
12.830    4.5403
12.860    4.5334
12.900    4.5251
12.930    4.5186
12.960    4.5170
12.990    4.5199
13.030    4.5234
13.060    4.5244
13.090    4.5227
13.120    4.5185
13.160    4.5114
13.190    4.5004
13.220    4.4853
13.260    4.4656
13.290    4.4439
13.330    4.4263
13.360    4.4207
13.400    4.4282
13.430    4.4450
13.470    4.4636
13.500    4.4761
13.540    4.4772
13.570    4.4664
13.610    4.4491
13.640    4.4311
13.680    4.4117
13.710    4.3867
13.750    4.3537
13.790    4.3121
13.820    4.2669
13.860    4.2255
13.900    4.1954
13.940    4.1810
13.970    4.1741
14.010    4.1600
