 0.300   96.7150
 0.310   96.8436
 0.320   96.9856
 0.330   97.1696
 0.340   97.3814
 0.350   97.4316
 0.360   97.5416
 0.370   97.6360
 0.380   97.8128
 0.390   97.8364
 0.400   97.9742
 0.410   98.0590
 0.420   98.2082
 0.430   98.2904
 0.440   98.3788
 0.450   98.5382
 0.460   98.5358
 0.470   98.5780
 0.480   98.5652
 0.490   98.5218
 0.500   98.4490
 0.510   98.3594
 0.520   98.3238
 0.530   98.2340
 0.540   98.1114
 0.550   98.1506
 0.560   98.0972
 0.570   98.0126
 0.580   97.9014
 0.590   97.6920
 0.600   97.5248
 0.610   97.2970
 0.620   97.0758
 0.630   96.8094
 0.640   96.5854
 0.650   95.9750
 0.660   96.0252
 0.670   95.7928
 0.680   95.6154
 0.690   95.3290
 0.700   94.9490
 0.710   94.5520
 0.720   94.1698
 0.730   93.9724
 0.740   93.6170
 0.750   93.0604
 0.760   92.4986
 0.770   91.8544
 0.780   91.1906
 0.790   90.3890
 0.800   90.0660
 0.820   89.9020
 0.840   89.7670
 0.860   88.0740
 0.880   85.4770
 0.900   83.9870
 0.920   83.3810
 0.940   82.3000
 0.960   79.7740
 0.980   76.1730
 1.000   72.4830
 1.020   68.6590
 1.040   67.9870
 1.060   70.8230
 1.080   72.4330
 1.100   72.8880
 1.120   72.3670
 1.140   70.0170
 1.160   66.2320
 1.180   60.1390
 1.200   55.0300
 1.220   48.2160
 1.240   44.6580
 1.260   44.5010
 1.280   44.3870
 1.300   44.9400
 1.320   45.1580
 1.340   45.0200
 1.360   43.8600
 1.380   42.6350
 1.400   38.9960
 1.420   21.5660
 1.440    6.4470
 1.460    3.2647
 1.480    1.9888
 1.500    1.6344
 1.520    1.8054
 1.540    2.0317
 1.560    2.5541
 1.580    3.1623
 1.600    3.6435
 1.620    4.2572
 1.640    5.4525
 1.660    6.7563
 1.680    8.1062
 1.700    9.4781
 1.720   10.5090
 1.740   11.7060
 1.760   12.7990
 1.780   13.9730
 1.800   15.5850
 1.820   17.2010
 1.840   19.1400
 1.860   16.5080
 1.880    8.1563
 1.900    3.7402
 1.920    1.7403
 1.940    1.0753
 1.960    0.7153
 1.980    0.5583
 2.000    0.5409
 2.020    0.5741
 2.040    0.6561
 2.060    0.7920
 2.080    0.9954
 2.100    1.3728
 2.120    2.1157
 2.140    3.1904
 2.160    4.4144
 2.180    5.6971
 2.200    7.0456
 2.220    8.6661
 2.240    9.6392
 2.250    9.5944
 2.260    9.1438
 2.270    8.3635
 2.280    7.3168
 2.290    6.2048
 2.300    5.2288
 2.310    4.4143
 2.320    3.7102
 2.330    3.2062
 2.340    2.8250
 2.350    2.5330
 2.360    2.3516
 2.370    2.2165
 2.380    2.1169
 2.390    2.0609
 2.400    1.9721
 2.410    1.9512
 2.420    1.8752
 2.430    1.8354
 2.440    1.8088
 2.450    1.7315
 2.460    1.6839
 2.470    1.6248
 2.480    1.5756
 2.490    1.5418
 2.500    1.5033
 2.510    1.4791
 2.520    1.4694
 2.530    1.4602
 2.540    1.4210
 2.550    1.4289
 2.560    1.4433
 2.570    1.4515
 2.580    1.4392
 2.590    1.4191
 2.600    1.3965
 2.610    1.3607
 2.620    1.3150
 2.630    1.2533
 2.640    1.1876
 2.650    1.1022
 2.660    1.0232
 2.670    0.9274
 2.680    0.8491
 2.690    0.7563
 2.700    0.6743
 2.710    0.5804
 2.720    0.5479
 2.730    0.5067
 2.740    0.4468
 2.750    0.4309
 2.760    0.4227
 2.770    0.3879
 2.780    0.3782
 2.790    0.3569
 2.800    0.3308
 2.810    0.3134
 2.820    0.3043
 2.830    0.2907
 2.840    0.2739
 2.850    0.2755
 2.860    0.2914
 2.870    0.3125
 2.880    0.3661
 2.890    0.4358
 2.900    0.5410
 2.910    0.6906
 2.920    0.8110
 2.930    0.9302
 2.940    1.0703
 2.950    1.1629
 2.960    1.2616
 2.970    1.3778
 2.980    1.4420
 2.990    1.5566
 3.000    1.6741
 3.010    1.8371
 3.020    2.0637
 3.030    2.3211
 3.040    2.6550
 3.050    3.0307
 3.060    3.3711
 3.070    3.6568
 3.080    3.8064
 3.090    3.7919
 3.100    3.6445
 3.110    3.4536
 3.120    3.2729
 3.130    3.1293
 3.140    3.0497
 3.150    3.0171
 3.160    2.9996
 3.170    2.9653
 3.180    2.9181
 3.190    2.8576
 3.200    2.7630
 3.210    2.6528
 3.220    2.5333
 3.230    2.4234
 3.240    2.3383
 3.250    2.2425
 3.260    2.1575
 3.270    2.0775
 3.280    2.0317
 3.290    1.9925
 3.300    1.9489
 3.310    1.9064
 3.320    1.8751
 3.330    1.8393
 3.340    1.8183
 3.350    1.8088
 3.360    1.7799
 3.370    1.7617
 3.380    1.7494
 3.390    1.7380
 3.400    1.7238
 3.410    1.6962
 3.420    1.7004
 3.430    1.7066
 3.440    1.6815
 3.450    1.6575
 3.460    1.6589
 3.470    1.6553
 3.480    1.6479
 3.490    1.6401
 3.500    1.6312
 3.510    1.6296
 3.520    1.6201
 3.530    1.6034
 3.540    1.5890
 3.550    1.5840
 3.560    1.5840
 3.570    1.5764
 3.580    1.5695
 3.590    1.5624
 3.600    1.5499
 3.610    1.5427
 3.620    1.5423
 3.630    1.5306
 3.640    1.5114
 3.650    1.5072
 3.660    1.5113
 3.670    1.5057
 3.680    1.4938
 3.690    1.4826
 3.700    1.4658
 3.710    1.4534
 3.720    1.4588
 3.730    1.4598
 3.740    1.4448
 3.750    1.4277
 3.760    1.4166
 3.770    1.4067
 3.780    1.3996
 3.790    1.3965
 3.800    1.3888
 3.810    1.3799
 3.820    1.3736
 3.830    1.3604
 3.840    1.3474
 3.850    1.3458
 3.860    1.3445
 3.870    1.3317
 3.880    1.3170
 3.890    1.3118
 3.900    1.3110
 3.910    1.3062
 3.920    1.2991
 3.930    1.2955
 3.940    1.2901
 3.950    1.2769
 3.960    1.2672
 3.970    1.2642
 3.980    1.2545
 3.990    1.2456
 4.000    1.2462
 4.010    1.2460
 4.020    1.2392
 4.030    1.2278
 4.040    1.2160
 4.050    1.2097
 4.060    1.2104
 4.070    1.2117
 4.080    1.2093
 4.090    1.2016
 4.100    1.1928
 4.110    1.1901
 4.120    1.1912
 4.130    1.1925
 4.140    1.1915
 4.150    1.1881
 4.160    1.1856
 4.170    1.1837
 4.180    1.1752
 4.190    1.1612
 4.200    1.1506
 4.210    1.1461
 4.220    1.1446
 4.230    1.1446
 4.240    1.1457
 4.250    1.1457
 4.260    1.1440
 4.270    1.1422
 4.280    1.1411
 4.290    1.1399
 4.300    1.1377
 4.310    1.1334
 4.320    1.1278
 4.330    1.1206
 4.340    1.1147
 4.350    1.1123
 4.360    1.1119
 4.370    1.1102
 4.380    1.1079
 4.390    1.1074
 4.400    1.1072
 4.410    1.1062
 4.420    1.1081
 4.430    1.1187
 4.440    1.1281
 4.450    1.1271
 4.460    1.1204
 4.470    1.1187
 4.480    1.1249
 4.490    1.1290
 4.500    1.1283
 4.510    1.1283
 4.520    1.1317
 4.530    1.1369
 4.540    1.1434
 4.550    1.1504
 4.560    1.1568
 4.570    1.1621
 4.580    1.1658
 4.590    1.1680
 4.600    1.1696
 4.610    1.1737
 4.620    1.1796
 4.630    1.1831
 4.640    1.1835
 4.650    1.1836
 4.660    1.1842
 4.670    1.1837
 4.680    1.1808
 4.690    1.1778
 4.700    1.1762
 4.710    1.1791
 4.720    1.1847
 4.730    1.1918
 4.740    1.1953
 4.750    1.1948
 4.760    1.1909
 4.770    1.1860
 4.780    1.1829
 4.790    1.1822
 4.800    1.1830
 4.810    1.1813
 4.820    1.1770
 4.830    1.1726
 4.840    1.1709
 4.850    1.1747
 4.860    1.1830
 4.870    1.1898
 4.880    1.1928
 4.890    1.1902
 4.900    1.1824
 4.910    1.1778
 4.920    1.1784
 4.930    1.1808
 4.940    1.1833
 4.950    1.1855
 4.960    1.1868
 4.970    1.1858
 4.980    1.1813
 4.990    1.1755
 5.000    1.1718
 5.010    1.1702
 5.020    1.1706
 5.030    1.1715
 5.040    1.1713
 5.050    1.1696
 5.060    1.1674
 5.070    1.1649
 5.080    1.1619
 5.090    1.1574
 5.100    1.1516
 5.110    1.1473
 5.120    1.1450
 5.130    1.1424
 5.140    1.1367
 5.150    1.1287
 5.160    1.1215
 5.170    1.1181
 5.180    1.1175
 5.190    1.1168
 5.200    1.1139
 5.210    1.1106
 5.220    1.1073
 5.230    1.1037
 5.240    1.1023
 5.250    1.1021
 5.260    1.1017
 5.270    1.0993
 5.280    1.0946
 5.290    1.0898
 5.300    1.0853
 5.310    1.0798
 5.320    1.0761
 5.330    1.0739
 5.340    1.0726
 5.350    1.0723
 5.360    1.0723
 5.370    1.0728
 5.380    1.0722
 5.390    1.0688
 5.400    1.0638
 5.410    1.0581
 5.420    1.0517
 5.430    1.0493
 5.440    1.0493
 5.450    1.0495
 5.460    1.0485
 5.470    1.0456
 5.480    1.0427
 5.490    1.0390
 5.500    1.0325
 5.510    1.0264
 5.520    1.0200
 5.530    1.0128
 5.540    1.0079
 5.550    1.0053
 5.560    1.0038
 5.570    1.0036
 5.580    1.0053
 5.590    1.0078
 5.600    1.0095
 5.610    1.0076
 5.620    1.0016
 5.630    0.9904
 5.640    0.9818
 5.650    0.9751
 5.660    0.9702
 5.670    0.9669
 5.680    0.9634
 5.690    0.9603
 5.700    0.9564
 5.710    0.9513
 5.720    0.9454
 5.730    0.9379
 5.740    0.9342
 5.750    0.9334
 5.760    0.9345
 5.770    0.9360
 5.780    0.9363
 5.790    0.9344
 5.800    0.9302
 5.810    0.9256
 5.820    0.9218
 5.830    0.9222
 5.840    0.9259
 5.850    0.9309
 5.860    0.9351
 5.870    0.9366
 5.880    0.9340
 5.890    0.9276
 5.900    0.9190
 5.910    0.9105
 5.920    0.9039
 5.930    0.8994
 5.940    0.8975
 5.950    0.8962
 5.960    0.8956
 5.970    0.8962
 5.980    0.8982
 5.990    0.9018
 6.000    0.9061
 6.010    0.9090
 6.020    0.9089
 6.030    0.9066
 6.040    0.8997
 6.050    0.8913
 6.060    0.8852
 6.070    0.8821
 6.080    0.8842
 6.090    0.8890
 6.100    0.8926
 6.110    0.8972
 6.120    0.9002
 6.130    0.9015
 6.140    0.9030
 6.150    0.9041
 6.160    0.9055
 6.170    0.9066
 6.180    0.9072
 6.190    0.9078
 6.200    0.9087
 6.210    0.9094
 6.220    0.9105
 6.230    0.9120
 6.240    0.9130
 6.250    0.9142
 6.260    0.9155
 6.270    0.9165
 6.280    0.9173
 6.290    0.9184
 6.300    0.9189
 6.310    0.9201
 6.320    0.9217
 6.330    0.9229
 6.340    0.9245
 6.350    0.9265
 6.360    0.9278
 6.370    0.9286
 6.380    0.9298
 6.390    0.9319
 6.400    0.9345
 6.410    0.9383
 6.420    0.9457
 6.430    0.9539
 6.440    0.9591
 6.450    0.9638
 6.460    0.9692
 6.470    0.9728
 6.480    0.9748
 6.490    0.9766
 6.500    0.9796
 6.510    0.9828
 6.520    0.9849
 6.530    0.9873
 6.540    0.9894
 6.550    0.9925
 6.560    0.9948
 6.570    0.9963
 6.580    0.9970
 6.590    0.9975
 6.600    0.9974
 6.610    0.9968
 6.620    0.9963
 6.630    0.9958
 6.640    0.9956
 6.650    0.9959
 6.660    0.9968
 6.670    0.9979
 6.680    0.9991
 6.690    1.0003
 6.700    1.0012
 6.710    1.0017
 6.720    1.0014
 6.730    0.9996
 6.740    0.9982
 6.750    0.9965
 6.760    0.9948
 6.770    0.9937
 6.780    0.9927
 6.790    0.9915
 6.800    0.9901
 6.810    0.9889
 6.820    0.9876
 6.830    0.9859
 6.840    0.9846
 6.850    0.9842
 6.860    0.9849
 6.870    0.9871
 6.880    0.9927
 6.890    0.9994
 6.900    1.0034
 6.910    1.0065
 6.920    1.0086
 6.930    1.0098
 6.940    1.0103
 6.950    1.0103
 6.960    1.0104
 6.970    1.0114
 6.980    1.0126
 6.990    1.0145
 7.000    1.0169
 7.010    1.0188
 7.020    1.0204
 7.030    1.0200
 7.040    1.0181
 7.050    1.0157
 7.060    1.0131
 7.070    1.0114
 7.080    1.0109
 7.090    1.0124
 7.100    1.0150
 7.110    1.0190
 7.120    1.0233
 7.130    1.0268
 7.140    1.0295
 7.150    1.0304
 7.160    1.0295
 7.170    1.0273
 7.180    1.0242
 7.190    1.0206
 7.200    1.0173
 7.210    1.0145
 7.220    1.0119
 7.230    1.0098
 7.240    1.0079
 7.250    1.0058
 7.260    1.0034
 7.270    1.0006
 7.280    0.9975
 7.290    0.9942
 7.300    0.9910
 7.310    0.9882
 7.320    0.9856
 7.330    0.9835
 7.340    0.9816
 7.350    0.9800
 7.360    0.9785
 7.370    0.9771
 7.380    0.9759
 7.400    0.9745
 7.410    0.9733
 7.420    0.9721
 7.430    0.9712
 7.440    0.9700
 7.450    0.9693
 7.460    0.9685
 7.470    0.9681
 7.480    0.9679
 7.490    0.9674
 7.500    0.9669
 7.510    0.9659
 7.520    0.9646
 7.540    0.9626
 7.550    0.9603
 7.560    0.9577
 7.570    0.9554
 7.580    0.9532
 7.590    0.9518
 7.600    0.9506
 7.610    0.9501
 7.620    0.9496
 7.630    0.9496
 7.650    0.9496
 7.660    0.9501
 7.670    0.9506
 7.680    0.9511
 7.690    0.9518
 7.700    0.9520
 7.710    0.9520
 7.730    0.9516
 7.740    0.9506
 7.750    0.9490
 7.760    0.9473
 7.770    0.9457
 7.780    0.9442
 7.800    0.9437
 7.810    0.9439
 7.820    0.9449
 7.830    0.9468
 7.840    0.9490
 7.850    0.9511
 7.870    0.9527
 7.880    0.9539
 7.890    0.9541
 7.900    0.9537
 7.910    0.9527
 7.930    0.9511
 7.940    0.9494
 7.950    0.9475
 7.960    0.9457
 7.980    0.9439
 7.990    0.9425
 8.000    0.9414
 8.010    0.9409
 8.030    0.9409
 8.040    0.9409
 8.050    0.9411
 8.060    0.9409
 8.080    0.9401
 8.090    0.9390
 8.100    0.9378
 8.110    0.9366
 8.130    0.9359
 8.140    0.9361
 8.150    0.9371
 8.160    0.9393
 8.180    0.9421
 8.190    0.9457
 8.200    0.9494
 8.220    0.9534
 8.230    0.9575
 8.240    0.9605
 8.260    0.9626
 8.270    0.9636
 8.280    0.9629
 8.290    0.9603
 8.310    0.9560
 8.320    0.9501
 8.330    0.9430
 8.350    0.9355
 8.360    0.9283
 8.380    0.9224
 8.390    0.9179
 8.400    0.9158
 8.420    0.9158
 8.430    0.9174
 8.440    0.9202
 8.460    0.9233
 8.470    0.9257
 8.480    0.9266
 8.500    0.9257
 8.510    0.9231
 8.530    0.9191
 8.540    0.9143
 8.550    0.9099
 8.570    0.9056
 8.580    0.9025
 8.600    0.9006
 8.610    0.8992
 8.630    0.8987
 8.640    0.8985
 8.650    0.8985
 8.670    0.8990
 8.680    0.8997
 8.700    0.9006
 8.710    0.9015
 8.730    0.9025
 8.740    0.9030
 8.760    0.9025
 8.770    0.9013
 8.790    0.8994
 8.800    0.8975
 8.820    0.8954
 8.830    0.8940
 8.850    0.8928
 8.860    0.8921
 8.880    0.8913
 8.890    0.8905
 8.910    0.8892
 8.920    0.8880
 8.940    0.8871
 8.950    0.8867
 8.970    0.8864
 8.980    0.8859
 9.000    0.8845
 9.020    0.8816
 9.030    0.8770
 9.050    0.8706
 9.060    0.8625
 9.080    0.8542
 9.100    0.8461
 9.110    0.8395
 9.130    0.8353
 9.140    0.8333
 9.160    0.8345
 9.180    0.8379
 9.190    0.8433
 9.210    0.8499
 9.220    0.8568
 9.240    0.8627
 9.260    0.8672
 9.270    0.8691
 9.290    0.8681
 9.310    0.8642
 9.320    0.8580
 9.340    0.8499
 9.360    0.8405
 9.370    0.8305
 9.390    0.8205
 9.410    0.8113
 9.430    0.8031
 9.440    0.7957
 9.460    0.7896
 9.480    0.7841
 9.490    0.7794
 9.510    0.7748
 9.530    0.7704
 9.550    0.7654
 9.560    0.7599
 9.580    0.7533
 9.600    0.7455
 9.620    0.7365
 9.640    0.7263
 9.650    0.7159
 9.670    0.7060
 9.690    0.6974
 9.710    0.6905
 9.730    0.6861
 9.740    0.6832
 9.760    0.6815
 9.780    0.6802
 9.800    0.6773
 9.820    0.6728
 9.840    0.6654
 9.860    0.6560
 9.870    0.6444
 9.890    0.6319
 9.910    0.6192
 9.930    0.6077
 9.950    0.5977
 9.970    0.5897
 9.990    0.5836
10.010    0.5790
10.030    0.5752
10.050    0.5712
10.070    0.5665
10.090    0.5603
10.110    0.5522
10.130    0.5423
10.150    0.5317
10.170    0.5208
10.180    0.5108
10.210    0.5023
10.230    0.4957
10.250    0.4907
10.270    0.4871
10.290    0.4843
10.310    0.4817
10.330    0.4791
10.350    0.4763
10.370    0.4734
10.390    0.4712
10.410    0.4704
10.430    0.4710
10.450    0.4738
10.470    0.4789
10.490    0.4862
10.520    0.4962
10.540    0.5085
10.560    0.5233
10.580    0.5404
10.600    0.5591
10.620    0.5790
10.650    0.5994
10.670    0.6202
10.690    0.6413
10.710    0.6631
10.730    0.6861
10.760    0.7109
10.780    0.7382
10.800    0.7678
10.820    0.7995
10.850    0.8331
10.870    0.8672
10.890    0.9015
10.910    0.9355
10.940    0.9684
10.960    1.0007
10.980    1.0328
11.010    1.0648
11.030    1.0970
11.050    1.1292
11.080    1.1619
11.100    1.1943
11.120    1.2267
11.150    1.2592
11.170    1.2914
11.200    1.3234
11.220    1.3553
11.250    1.3863
11.270    1.4166
11.290    1.4453
11.320    1.4726
11.340    1.4979
11.370    1.5215
11.390    1.5436
11.420    1.5649
11.440    1.5855
11.470    1.6058
11.490    1.6265
11.520    1.6473
11.550    1.6684
11.570    1.6901
11.600    1.7124
11.620    1.7351
11.650    1.7581
11.680    1.7811
11.700    1.8041
11.730    1.8266
11.760    1.8483
11.780    1.8697
11.810    1.8900
11.840    1.9096
11.860    1.9287
11.890    1.9469
11.920    1.9643
11.950    1.9814
11.970    1.9980
12.000    2.0146
12.030    2.0314
12.060    2.0489
12.080    2.0667
12.110    2.0849
12.140    2.1032
12.170    2.1209
12.200    2.1385
12.230    2.1550
12.260    2.1712
12.280    2.1870
12.310    2.2026
12.340    2.2180
12.370    2.2331
12.400    2.2476
12.430    2.2616
12.460    2.2742
12.490    2.2855
12.520    2.2957
12.550    2.3044
12.580    2.3116
12.610    2.3177
12.640    2.3222
12.680    2.3263
12.710    2.3300
12.740    2.3340
12.770    2.3391
12.800    2.3457
12.830    2.3537
12.860    2.3627
12.900    2.3717
12.930    2.3798
12.960    2.3857
12.990    2.3887
13.030    2.3885
13.060    2.3857
13.090    2.3807
13.120    2.3746
13.160    2.3680
13.190    2.3618
13.220    2.3560
13.260    2.3509
13.290    2.3461
13.330    2.3421
13.360    2.3386
13.400    2.3360
13.430    2.3340
13.470    2.3327
13.500    2.3312
13.540    2.3294
13.570    2.3263
13.610    2.3222
13.640    2.3177
13.680    2.3134
13.710    2.3103
13.750    2.3087
13.790    2.3085
13.820    2.3090
13.860    2.3080
13.900    2.3042
13.940    2.2957
13.970    2.2814
14.010    2.2600
