14.011    3.6548
13.973    3.6462
13.936    3.6145
13.899    3.6062
13.861    3.5698
13.824    3.5347
13.788    3.4790
13.751    3.4392
13.715    3.3667
13.679    3.3098
13.643    3.2678
13.607    3.2519
13.571    3.1958
13.536    3.1531
13.500    3.1182
13.465    3.0898
13.430    3.0415
13.396    3.0049
13.361    2.9548
13.327    2.9409
13.293    2.8914
13.259    2.8372
13.225    2.7869
13.191    2.7595
13.158    2.7224
13.124    2.6904
13.091    2.6497
13.058    2.6206
13.026    2.5649
12.993    2.5039
12.960    2.4548
12.928    2.4514
12.896    2.4065
12.864    2.3599
12.832    2.3179
12.800    2.2881
12.769    2.2561
12.737    2.2178
12.706    2.1724
12.675    2.1338
12.644    2.0784
12.614    2.0469
12.583    2.0034
12.552    1.9670
12.522    1.9189
12.492    1.9043
12.462    1.8784
12.432    1.8303
12.402    1.7827
12.373    1.7581
12.343    1.7344
12.314    1.7095
12.285    1.6479
12.256    1.6304
12.227    1.6111
12.198    1.5781
12.169    1.5435
12.141    1.5239
12.113    1.5015
12.084    1.4841
12.056    1.4604
12.028    1.4211
12.000    1.3691
11.973    1.3352
11.945    1.3037
11.918    1.2778
11.890    1.2620
11.863    1.2624
11.836    1.2378
11.809    1.2256
11.782    1.1992
11.755    1.1665
11.729    1.1675
11.702    1.1562
11.676    1.1152
11.650    1.1008
11.624    1.0818
11.598    1.0703
11.572    1.0547
11.546    1.0291
11.520    1.0190
11.495    1.0200
11.469    0.9944
11.444    0.9849
11.419    0.9763
11.394    0.9683
11.369    0.9504
11.344    0.9436
11.319    0.9448
11.294    0.9582
11.270    0.9556
11.245    0.9373
11.221    0.9119
11.197    0.9038
11.173    0.9048
11.149    0.9136
11.125    0.9080
11.101    0.9207
11.077    0.9248
11.054    0.9194
11.030    0.9048
11.007    0.9075
10.983    0.9053
10.960    0.9209
10.937    0.9180
10.914    0.9087
10.891    0.9204
10.868    0.9307
10.846    0.9243
10.823    0.9346
10.800    0.9343
10.778    0.9285
10.755    0.9380
10.733    0.9568
10.711    0.9436
10.689    0.9448
10.667    0.9607
10.645    0.9712
10.623    0.9697
10.602    0.9773
10.580    0.9900
10.558    1.0051
10.537    0.9961
10.516    1.0051
10.494    1.0234
10.473    1.0234
10.452    1.0207
10.431    1.0422
10.410    1.0352
10.389    1.0322
10.368    1.0400
10.348    1.0552
10.327    1.0627
10.306    1.0708
10.286    1.0823
10.266    1.0984
10.245    1.0947
10.225    1.1064
10.205    1.1248
10.185    1.1438
10.165    1.1326
10.145    1.1384
10.125    1.1462
10.106    1.1475
10.086    1.1421
10.066    1.1782
10.047    1.2012
10.027    1.1921
10.008    1.1853
 9.989    1.1926
 9.970    1.2168
 9.950    1.2480
 9.931    1.2373
 9.912    1.2234
 9.893    1.2324
 9.875    1.2485
 9.856    1.2488
 9.837    1.2681
 9.818    1.2795
 9.800    1.2839
 9.781    1.2786
 9.763    1.2905
 9.745    1.2998
 9.726    1.3184
 9.708    1.3186
 9.690    1.3159
 9.672    1.3286
 9.654    1.3555
 9.636    1.3647
 9.618    1.3594
 9.600    1.3625
 9.583    1.3855
 9.565    1.3840
 9.547    1.3823
 9.530    1.3765
 9.512    1.3916
 9.495    1.4133
 9.477    1.4243
 9.460    1.4163
 9.443    1.4348
 9.426    1.4468
 9.409    1.4363
 9.392    1.4375
 9.375    1.4663
 9.358    1.4622
 9.341    1.4692
 9.324    1.4900
 9.307    1.4978
 9.291    1.4790
 9.274    1.4758
 9.257    1.4827
 9.241    1.4895
 9.224    1.4998
 9.208    1.5288
 9.192    1.5195
 9.175    1.5124
 9.159    1.5215
 9.143    1.5186
 9.127    1.5100
 9.111    1.5234
 9.095    1.5281
 9.079    1.5200
 9.063    1.5281
 9.047    1.5388
 9.032    1.5347
 9.016    1.5496
 9.000    1.5725
 8.985    1.5686
 8.969    1.5537
 8.954    1.5493
 8.938    1.5461
 8.923    1.5657
 8.907    1.5666
 8.892    1.5618
 8.877    1.5579
 8.862    1.5635
 8.847    1.5764
 8.832    1.5959
 8.817    1.5942
 8.802    1.5813
 8.787    1.5818
 8.772    1.6045
 8.757    1.6018
 8.742    1.5977
 8.728    1.5876
 8.713    1.5894
 8.698    1.5991
 8.684    1.6121
 8.669    1.6074
 8.655    1.6147
 8.640    1.6250
 8.626    1.6265
 8.612    1.6213
 8.597    1.6267
 8.583    1.6238
 8.569    1.6335
 8.555    1.6311
 8.541    1.6443
 8.527    1.6433
 8.513    1.6472
 8.499    1.6543
 8.485    1.6643
 8.471    1.6694
 8.457    1.6721
 8.443    1.6711
 8.430    1.6765
 8.416    1.6790
 8.402    1.6785
 8.389    1.6782
 8.375    1.6946
 8.362    1.7036
 8.348    1.7021
 8.335    1.6960
 8.321    1.7002
 8.308    1.7104
 8.295    1.7251
 8.281    1.7331
 8.268    1.7202
 8.255    1.7112
 8.242    1.7200
 8.229    1.7270
 8.216    1.7446
 8.203    1.7419
 8.190    1.7305
 8.177    1.7300
 8.164    1.7334
 8.151    1.7417
 8.138    1.7515
 8.126    1.7485
 8.113    1.7537
 8.100    1.7427
 8.088    1.7346
 8.075    1.7429
 8.062    1.7581
 8.050    1.7646
 8.037    1.7598
 8.025    1.7544
 8.013    1.7632
 8.000    1.7686
 7.988    1.7583
 7.976    1.7563
 7.963    1.7632
 7.951    1.7622
 7.939    1.7561
 7.927    1.7622
 7.915    1.7673
 7.903    1.7688
 7.891    1.7690
 7.879    1.7576
 7.867    1.7642
 7.855    1.7820
 7.843    1.7751
 7.831    1.7744
 7.819    1.7839
 7.807    1.7817
 7.796    1.7793
 7.784    1.7854
 7.772    1.7949
 7.761    1.7871
 7.749    1.7891
 7.738    1.7905
 7.726    1.7978
 7.715    1.7976
 7.703    1.8105
 7.692    1.8127
 7.680    1.8030
 7.669    1.7947
 7.658    1.7935
 7.646    1.7922
 7.635    1.8064
 7.624    1.7978
 7.613    1.7805
 7.601    1.7886
 7.590    1.7852
 7.579    1.7827
 7.568    1.8054
 7.557    1.8196
 7.546    1.8332
 7.535    1.8386
 7.524    1.8354
 7.513    1.8425
 7.502    1.8506
 7.492    1.8262
 7.481    1.7681
 7.470    1.7068
 7.459    1.7346
 7.448    1.8262
 7.438    1.8579
 7.427    1.8567
 7.417    1.8555
 7.406    1.8621
 7.395    1.8701
 7.385    1.8630
 7.374    1.8562
 7.364    1.8613
 7.353    1.8137
 7.343    1.7065
 7.333    1.7319
 7.322    1.8545
 7.312    1.8560
 7.302    1.8506
 7.291    1.8423
 7.281    1.7461
 7.271    1.7524
 7.261    1.8506
 7.251    1.8835
 7.240    1.9106
 7.230    1.9236
 7.220    1.8704
 7.210    1.7461
 7.200    1.8091
 7.190    1.9187
 7.180    1.8311
 7.170    1.6733
 7.160    1.7212
 7.151    1.7444
 7.141    1.8186
 7.131    1.9172
 7.121    1.8462
 7.111    1.8677
 7.102    1.9543
 7.092    1.9558
 7.082    1.9368
 7.073    1.9414
 7.063    1.8618
 7.053    1.6345
 7.044    1.5666
 7.034    1.7920
 7.025    1.8540
 7.015    1.9075
 7.006    1.9346
 6.996    1.8542
 6.987    1.8750
 6.977    1.9111
 6.968    1.7107
 6.959    1.5720
 6.949    1.8428
 6.940    1.9998
 6.931    2.0112
 6.921    1.9907
 6.912    1.8862
 6.903    1.8389
 6.894    1.9290
 6.885    1.9226
 6.876    1.7322
 6.866    1.3264
 6.857    1.3643
 6.848    1.7688
 6.839    1.9302
 6.830    1.7720
 6.821    1.8064
 6.812    1.9775
 6.803    1.8855
 6.794    1.5544
 6.786    1.5120
 6.777    1.7029
 6.768    1.8831
 6.759    2.0168
 6.750    2.0041
 6.741    2.0410
 6.733    1.9534
 6.724    1.7637
 6.715    1.6191
 6.707    1.7153
 6.698    1.9529
 6.689    1.8442
 6.681    1.6499
 6.672    1.7356
 6.663    1.9250
 6.655    1.9746
 6.646    1.5952
 6.638    1.1650
 6.629    1.3508
 6.621    1.7136
 6.612    1.8359
 6.604    1.8464
 6.596    1.6616
 6.587    1.6145
 6.579    1.5029
 6.571    1.3894
 6.562    1.6128
 6.554    1.6875
 6.546    1.8081
 6.537    1.9597
 6.529    1.8879
 6.521    1.6777
 6.513    1.8540
 6.505    1.7331
 6.496    1.2563
 6.488    1.2187
 6.480    1.4900
 6.472    1.7190
 6.464    1.9880
 6.456    2.0061
 6.448    1.9795
 6.440    1.9329
 6.432    1.7534
 6.424    1.5076
 6.416    1.0708
 6.408    1.3362
 6.400    1.9534
 6.392    2.0854
 6.384    2.0991
 6.377    1.9480
 6.369    1.8503
 6.361    2.1333
 6.353    2.0564
 6.345    1.7334
 6.338    1.9519
 6.330    2.2905
 6.322    2.3391
 6.314    2.3601
 6.307    2.3674
 6.299    2.3857
 6.291    2.3774
 6.284    2.3840
 6.276    2.3599
 6.269    2.3630
 6.261    2.4094
 6.254    2.4546
 6.246    2.4304
 6.238    2.4282
 6.231    2.4482
 6.223    2.4414
 6.216    2.4028
 6.209    2.4385
 6.201    2.4834
 6.194    2.2876
 6.186    1.9304
 6.179    2.1428
 6.172    2.4021
 6.164    2.1965
 6.157    2.1040
 6.150    2.2319
 6.142    2.2248
 6.135    2.3332
 6.128    2.3301
 6.121    1.9456
 6.113    1.5759
 6.106    1.8359
 6.099    2.1125
 6.092    2.1523
 6.085    2.0290
 6.078    1.6521
 6.070    1.4722
 6.063    1.6848
 6.056    1.4512
 6.049    1.0032
 6.042    1.3252
 6.035    1.7571
 6.028    1.8079
 6.021    1.6750
 6.014    1.5190
 6.007    1.6123
 6.000    1.5950
 5.993    1.3389
 5.986    1.2749
 5.979    1.3965
 5.973    1.3066
 5.966    1.2971
 5.959    1.4412
 5.952    1.3848
 5.945    1.2043
 5.938    0.9351
 5.932    1.0918
 5.925    1.3213
 5.918    1.3489
 5.911    1.4045
 5.905    1.2988
 5.898    1.0354
 5.891    1.0317
 5.884    0.9329
 5.878    0.9609
 5.871    1.2217
 5.864    1.2039
 5.858    1.2739
 5.851    1.3931
 5.845    1.4297
 5.838    1.3503
 5.831    1.1841
 5.825    1.0315
 5.818    1.1094
 5.812    1.3896
 5.805    1.4873
 5.799    1.4980
 5.792    1.5425
 5.786    1.4956
 5.779    1.4075
 5.773    1.2395
 5.767    1.0662
 5.760    1.3003
 5.754    1.4385
 5.747    1.3560
 5.741    1.4275
 5.735    1.4624
 5.728    1.4700
 5.722    1.3914
 5.716    1.3208
 5.709    1.3535
 5.703    1.5469
 5.697    1.5752
 5.691    1.5269
 5.684    1.5706
 5.678    1.5129
 5.672    1.5442
 5.666    1.6682
 5.660    1.5908
 5.653    1.5078
 5.647    1.4050
 5.641    1.3332
 5.635    1.5276
 5.629    1.6731
 5.623    1.6970
 5.617    1.6484
 5.611    1.6760
 5.604    1.6836
 5.598    1.7180
 5.592    1.7615
 5.586    1.6284
 5.580    1.4705
 5.574    1.5713
 5.568    1.7134
 5.562    1.7090
 5.556    1.6584
 5.550    1.6724
 5.545    1.7703
 5.539    1.8157
 5.533    1.8169
 5.527    1.7756
 5.521    1.7563
 5.515    1.8142
 5.509    1.8689
 5.503    1.8542
 5.498    1.8684
 5.492    1.8767
 5.486    1.8269
 5.480    1.7197
 5.474    1.7571
 5.469    1.7031
 5.463    1.6675
 5.457    1.8298
 5.451    1.8975
 5.446    1.8835
 5.440    1.8914
 5.434    1.9072
 5.428    1.7932
 5.423    1.6277
 5.417    1.7319
 5.411    1.8628
 5.406    1.9072
 5.400    1.9436
 5.395    1.9531
 5.389    1.9563
 5.383    1.9443
 5.378    1.9531
 5.372    1.9639
 5.367    1.9651
 5.361    1.9153
 5.356    1.7800
 5.350    1.7043
 5.344    1.8506
 5.339    1.9702
 5.333    1.9831
 5.328    1.9822
 5.323    1.9790
 5.317    1.9853
 5.312    1.9873
 5.306    1.9827
 5.301    1.9736
 5.295    1.9160
 5.290    1.9082
 5.285    1.9790
 5.279    1.9795
 5.274    1.9790
 5.268    2.0054
 5.263    2.0200
 5.258    2.0146
 5.252    2.0207
 5.247    2.0188
 5.242    1.9929
 5.237    1.9641
 5.231    2.0027
 5.226    2.0305
 5.221    2.0012
 5.215    1.9065
 5.210    1.9248
 5.205    1.9807
 5.200    1.9573
 5.195    2.0154
 5.189    2.0518
 5.184    2.0554
 5.179    2.0508
 5.174    2.0515
 5.169    2.0608
 5.163    2.0671
 5.158    2.0681
 5.153    2.0237
 5.148    1.9541
 5.143    2.0054
 5.138    2.0537
 5.133    2.0623
 5.128    2.0762
 5.123    2.0776
 5.118    2.0723
 5.113    2.0749
 5.108    2.0906
 5.103    2.0959
 5.097    2.0935
 5.092    2.0933
 5.087    2.0664
 5.083    2.0415
 5.078    2.0747
 5.073    2.1033
 5.068    2.1130
 5.063    2.1130
 5.058    2.1162
 5.053    2.1135
 5.048    2.1089
 5.043    2.1086
 5.038    2.1130
 5.033    2.1103
 5.028    2.1016
 5.023    2.0735
 5.019    2.0601
 5.014    2.1094
 5.009    2.1269
 5.004    2.1250
 4.999    2.1199
 4.994    2.1243
 4.990    2.1265
 4.985    2.1272
 4.980    2.1338
 4.975    2.1411
 4.970    2.1323
 4.966    2.1316
 4.961    2.1130
 4.956    2.0969
 4.951    2.1194
 4.947    2.1318
 4.942    2.1328
 4.937    2.1399
 4.933    2.1367
 4.928    2.1367
 4.923    2.1450
 4.919    2.1455
 4.914    2.1360
 4.909    2.1367
 4.905    2.1443
 4.900    2.1333
 4.895    2.1343
 4.891    2.1462
 4.886    2.1526
 4.882    2.1565
 4.877    2.1521
 4.872    2.1479
 4.868    2.1531
 4.863    2.1479
 4.859    2.1450
 4.854    2.1421
 4.850    2.1435
 4.845    2.1399
 4.840    2.1406
 4.836    2.1553
 4.831    2.1592
 4.827    2.1521
 4.822    2.1545
 4.818    2.1550
 4.814    2.1516
 4.809    2.1497
 4.805    2.1470
 4.800    2.1409
 4.796    2.1443
 4.791    2.1492
 4.787    2.1479
 4.782    2.1470
 4.778    2.1387
 4.774    2.1433
 4.769    2.1558
 4.765    2.1582
 4.760    2.1545
 4.756    2.1543
 4.752    2.1562
 4.747    2.1531
 4.743    2.1509
 4.739    2.1543
 4.734    2.1538
 4.730    2.1536
 4.726    2.1550
 4.721    2.1540
 4.717    2.1523
 4.713    2.1592
 4.709    2.1589
 4.704    2.1567
 4.700    2.1565
 4.696    2.1545
 4.692    2.1631
 4.687    2.1670
 4.683    2.1584
 4.679    2.1482
 4.675    2.1514
 4.670    2.1602
 4.666    2.1614
 4.662    2.1565
 4.658    2.1533
 4.654    2.1582
 4.649    2.1592
 4.645    2.1658
 4.641    2.1631
 4.637    2.1531
 4.633    2.1475
 4.629    2.1540
 4.625    2.1643
 4.620    2.1636
 4.616    2.1580
 4.612    2.1597
 4.608    2.1680
 4.604    2.1626
 4.600    2.1531
 4.596    2.1479
 4.592    2.1533
 4.588    2.1648
 4.584    2.1604
 4.580    2.1650
 4.576    2.1719
 4.572    2.1638
 4.568    2.1606
 4.564    2.1682
 4.560    2.1633
 4.555    2.1570
 4.551    2.1641
 4.548    2.1636
 4.544    2.1616
 4.540    2.1626
 4.536    2.1619
 4.532    2.1538
 4.528    2.1606
 4.524    2.1692
 4.520    2.1716
 4.516    2.1699
 4.512    2.1672
 4.508    2.1716
 4.504    2.1760
 4.500    2.1709
 4.496    2.1653
 4.492    2.1697
 4.488    2.1706
 4.485    2.1699
 4.481    2.1804
 4.477    2.1814
 4.473    2.1697
 4.469    2.1685
 4.465    2.1736
 4.461    2.1826
 4.458    2.1882
 4.454    2.1855
 4.450    2.1838
 4.446    2.1807
 4.442    2.1841
 4.438    2.1846
 4.435    2.1882
 4.431    2.1863
 4.427    2.1794
 4.423    2.1887
 4.420    2.1909
 4.416    2.1912
 4.412    2.1943
 4.408    2.1916
 4.405    2.1914
 4.401    2.1973
 4.397    2.2039
 4.393    2.2009
 4.390    2.1899
 4.386    2.1853
 4.382    2.1865
 4.379    2.1909
 4.375    2.1931
 4.371    2.1982
 4.367    2.2060
 4.364    2.2078
 4.360    2.2060
 4.356    2.2053
 4.353    2.2068
 4.349    2.2102
 4.345    2.2078
 4.342    2.2073
 4.338    2.2085
 4.335    2.2119
 4.331    2.2153
 4.327    2.2143
 4.324    2.2141
 4.320    2.2148
 4.317    2.2119
 4.313    2.2146
 4.309    2.2153
 4.306    2.2180
 4.302    2.2224
 4.299    2.2175
 4.295    2.2205
 4.292    2.2234
 4.288    2.2307
 4.284    2.2248
 4.281    2.2124
 4.277    2.2158
 4.274    2.2248
 4.270    2.2241
 4.267    2.2183
 4.263    2.2202
 4.260    2.2258
 4.256    2.2305
 4.253    2.2241
 4.249    2.2180
 4.246    2.2327
 4.242    2.2395
 4.239    2.2285
 4.235    2.2278
 4.232    2.2244
 4.229    2.2224
 4.225    2.2327
 4.222    2.2441
 4.218    2.2478
 4.215    2.2466
 4.211    2.2476
 4.208    2.2493
 4.205    2.2507
 4.201    2.2498
 4.198    2.2488
 4.194    2.2549
 4.191    2.2529
 4.188    2.2490
 4.184    2.2532
 4.181    2.2598
 4.177    2.2612
 4.174    2.2588
 4.171    2.2695
 4.167    2.2739
 4.164    2.2685
 4.161    2.2717
 4.157    2.2776
 4.154    2.2749
 4.151    2.2710
 4.147    2.2710
 4.144    2.2815
 4.141    2.2815
 4.137    2.2776
 4.134    2.2810
 4.131    2.2808
 4.128    2.2893
 4.124    2.2944
 4.121    2.2900
 4.118    2.2876
 4.114    2.2966
 4.111    2.2998
 4.108    2.2915
 4.105    2.2993
 4.101    2.3035
 4.098    2.3022
 4.095    2.3039
 4.092    2.2986
 4.088    2.3015
 4.085    2.3101
 4.082    2.3098
 4.079    2.3086
 4.076    2.3086
 4.072    2.3054
 4.069    2.3132
 4.066    2.3152
 4.063    2.3154
 4.060    2.3140
 4.056    2.3101
 4.053    2.3086
 4.050    2.3203
 4.047    2.3298
 4.044    2.3303
 4.041    2.3291
 4.038    2.3306
 4.034    2.3267
 4.031    2.3252
 4.028    2.3320
 4.025    2.3328
 4.022    2.3269
 4.019    2.3306
 4.016    2.3408
 4.013    2.3393
 4.009    2.3393
 4.006    2.3376
 4.003    2.3423
 4.000    2.3384
 3.997    2.3320
 3.994    2.3403
 3.991    2.3445
 3.988    2.3498
 3.985    2.3628
 3.982    2.3655
 3.979    2.3603
 3.976    2.3616
 3.973    2.3574
 3.969    2.3545
 3.966    2.3664
 3.963    2.3716
 3.960    2.3596
 3.957    2.3591
 3.954    2.3606
 3.951    2.3669
 3.948    2.3684
 3.945    2.3760
 3.942    2.3840
 3.939    2.3813
 3.936    2.3757
 3.933    2.3694
 3.930    2.3750
 3.927    2.3840
 3.924    2.3882
 3.921    2.3857
 3.918    2.3894
 3.916    2.3916
 3.913    2.3965
 3.910    2.4053
 3.907    2.3975
 3.904    2.3948
 3.901    2.4055
 3.898    2.4050
 3.895    2.3982
 3.892    2.4077
 3.889    2.4114
 3.886    2.4070
 3.883    2.4077
 3.880    2.4202
 3.877    2.4224
 3.875    2.4209
 3.872    2.4211
 3.869    2.4228
 3.866    2.4226
 3.863    2.4172
 3.860    2.4268
 3.857    2.4424
 3.854    2.4426
 3.852    2.4299
 3.849    2.4329
 3.846    2.4434
 3.843    2.4456
 3.840    2.4431
 3.837    2.4451
 3.834    2.4548
 3.832    2.4560
 3.829    2.4473
 3.826    2.4509
 3.823    2.4560
 3.820    2.4600
 3.817    2.4595
 3.815    2.4602
 3.812    2.4626
 3.809    2.4673
 3.806    2.4709
 3.803    2.4651
 3.801    2.4702
 3.798    2.4800
 3.795    2.4817
 3.792    2.4907
 3.790    2.4827
 3.787    2.4761
 3.784    2.4819
 3.781    2.4829
 3.779    2.4880
 3.776    2.4853
 3.773    2.4900
 3.770    2.4983
 3.768    2.4936
 3.765    2.4917
 3.762    2.4995
 3.759    2.5027
 3.757    2.4917
 3.754    2.4849
 3.751    2.5049
 3.748    2.5190
 3.746    2.5159
 3.743    2.5173
 3.740    2.5242
 3.738    2.5166
 3.735    2.5151
 3.732    2.5195
 3.730    2.5227
 3.727    2.5315
 3.724    2.5229
 3.722    2.5195
 3.719    2.5349
 3.716    2.5449
 3.714    2.5373
 3.711    2.5286
 3.708    2.5295
 3.706    2.5378
 3.703    2.5444
 3.700    2.5425
 3.698    2.5478
 3.695    2.5518
 3.692    2.5588
 3.690    2.5444
 3.687    2.5376
 3.685    2.5586
 3.682    2.5703
 3.679    2.5586
 3.677    2.5644
 3.674    2.5774
 3.671    2.5779
 3.669    2.5793
 3.666    2.5823
 3.664    2.5789
 3.661    2.5781
 3.659    2.5847
 3.656    2.5893
 3.653    2.5930
 3.651    2.5937
 3.648    2.5920
 3.646    2.5886
 3.643    2.5893
 3.641    2.5928
 3.638    2.6030
 3.635    2.6125
 3.633    2.6150
 3.630    2.6086
 3.628    2.6077
 3.625    2.6113
 3.623    2.6196
 3.620    2.6326
 3.618    2.6362
 3.615    2.6316
 3.613    2.6309
 3.610    2.6418
 3.608    2.6467
 3.605    2.6523
 3.603    2.6414
 3.600    2.6406
 3.598    2.6440
 3.595    2.6501
 3.593    2.6650
 3.590    2.6626
 3.588    2.6567
 3.585    2.6560
 3.583    2.6570
 3.580    2.6623
 3.578    2.6706
 3.575    2.6663
 3.573    2.6765
 3.570    2.6934
 3.568    2.6929
 3.565    2.6902
 3.563    2.6872
 3.561    2.6872
 3.558    2.7004
 3.556    2.7039
 3.553    2.6997
 3.551    2.7019
 3.548    2.7017
 3.546    2.7002
 3.544    2.6987
 3.541    2.7070
 3.539    2.7202
 3.536    2.7270
 3.534    2.7236
 3.531    2.7231
 3.529    2.7324
 3.527    2.7351
 3.524    2.7400
 3.522    2.7417
 3.519    2.7510
 3.517    2.7541
 3.515    2.7529
 3.512    2.7624
 3.510    2.7583
 3.508    2.7463
 3.505    2.7676
 3.503    2.7781
 3.500    2.7688
 3.498    2.7717
 3.496    2.7749
 3.493    2.7810
 3.491    2.7930
 3.489    2.7991
 3.486    2.8022
 3.484    2.7959
 3.482    2.8059
 3.479    2.8269
 3.477    2.8274
 3.475    2.8274
 3.472    2.8235
 3.470    2.8364
 3.468    2.8389
 3.465    2.8391
 3.463    2.8506
 3.461    2.8550
 3.458    2.8489
 3.456    2.8603
 3.454    2.8645
 3.452    2.8704
 3.449    2.8762
 3.447    2.8740
 3.445    2.8740
 3.442    2.8804
 3.440    2.8889
 3.438    2.8987
 3.435    2.9133
 3.433    2.9101
 3.431    2.9043
 3.429    2.9214
 3.426    2.9246
 3.424    2.9160
 3.422    2.9265
 3.420    2.9416
 3.417    2.9404
 3.415    2.9370
 3.413    2.9497
 3.411    2.9541
 3.408    2.9690
 3.406    2.9868
 3.404    2.9829
 3.402    2.9785
 3.399    2.9863
 3.397    2.9961
 3.395    3.0059
 3.393    3.0078
 3.391    3.0090
 3.388    3.0298
 3.386    3.0344
 3.384    3.0290
 3.382    3.0344
 3.380    3.0395
 3.377    3.0513
 3.375    3.0486
 3.373    3.0571
 3.371    3.0625
 3.369    3.0640
 3.366    3.0801
 3.364    3.0913
 3.362    3.0979
 3.360    3.1042
 3.358    3.1182
 3.355    3.1335
 3.353    3.1287
 3.351    3.1265
 3.349    3.1462
 3.347    3.1487
 3.345    3.1536
 3.342    3.1582
 3.340    3.1492
 3.338    3.1582
 3.336    3.1684
 3.334    3.1682
 3.332    3.1909
 3.330    3.1968
 3.327    3.2121
 3.325    3.2219
 3.323    3.2109
 3.321    3.2207
 3.319    3.2410
 3.317    3.2412
 3.315    3.2524
 3.313    3.2634
 3.310    3.2737
 3.308    3.2913
 3.306    3.2954
 3.304    3.2849
 3.302    3.2830
 3.300    3.2793
 3.298    3.2947
 3.296    3.3191
 3.294    3.3313
 3.292    3.3523
 3.289    3.3562
 3.287    3.3542
 3.285    3.3657
 3.283    3.3711
 3.281    3.3660
 3.279    3.3870
 3.277    3.3999
 3.275    3.4009
 3.273    3.4001
 3.271    3.4116
 3.269    3.4482
 3.267    3.4538
 3.265    3.4531
 3.263    3.4517
 3.260    3.4517
 3.258    3.4719
 3.256    3.4990
 3.254    3.5063
 3.252    3.5088
 3.250    3.5029
 3.248    3.5044
 3.246    3.5110
 3.244    3.5288
 3.242    3.5464
 3.240    3.5637
 3.238    3.5757
 3.236    3.5757
 3.234    3.5749
 3.232    3.5871
 3.230    3.5898
 3.228    3.5935
 3.226    3.5933
 3.224    3.6111
 3.222    3.6374
 3.220    3.6504
 3.218    3.6587
 3.216    3.6724
 3.214    3.6687
 3.212    3.6667
 3.210    3.6658
 3.208    3.6680
 3.206    3.6882
 3.204    3.7060
 3.202    3.7031
 3.200    3.7183
 3.198    3.7346
 3.196    3.7461
 3.194    3.7676
 3.192    3.7690
 3.190    3.7673
 3.188    3.7849
 3.186    3.7981
 3.184    3.8203
 3.182    3.8298
 3.180    3.8220
 3.179    3.8325
 3.177    3.8467
 3.175    3.8552
 3.173    3.8594
 3.171    3.8628
 3.169    3.8708
 3.167    3.8769
 3.165    3.8721
 3.163    3.8696
 3.161    3.8806
 3.159    3.8938
 3.157    3.9106
 3.155    3.9162
 3.153    3.9092
 3.151    3.9101
 3.150    3.9189
 3.148    3.9304
 3.146    3.9407
 3.144    3.9580
 3.142    3.9617
 3.140    3.9556
 3.138    3.9560
 3.136    3.9551
 3.134    3.9661
 3.132    3.9748
 3.131    3.9790
 3.129    3.9707
 3.127    3.9526
 3.125    3.9585
 3.123    3.9722
 3.121    3.9800
 3.119    3.9917
 3.117    3.9795
 3.115    3.9475
 3.114    3.9475
 3.112    3.9653
 3.110    3.9648
 3.108    3.9690
 3.106    3.9602
 3.104    3.9529
 3.102    3.9551
 3.101    3.9675
 3.099    3.9704
 3.097    3.9700
 3.095    3.9646
 3.093    3.9585
 3.091    3.9407
 3.089    3.9277
 3.088    3.9377
 3.086    3.9341
 3.084    3.9314
 3.082    3.9109
 3.080    3.9014
 3.078    3.9048
 3.077    3.9087
 3.075    3.8987
 3.073    3.8642
 3.071    3.8762
 3.069    3.9009
 3.068    3.8794
 3.066    3.8579
 3.064    3.8572
 3.062    3.8584
 3.060    3.8542
 3.058    3.8437
 3.057    3.8191
 3.055    3.8037
 3.053    3.8071
 3.051    3.8088
 3.050    3.7974
 3.048    3.7895
 3.046    3.8074
 3.044    3.7974
 3.042    3.7829
 3.041    3.7756
 3.039    3.7678
 3.037    3.7490
 3.035    3.7429
 3.033    3.7483
 3.032    3.7554
 3.030    3.7532
 3.028    3.7390
 3.026    3.7392
 3.025    3.7475
 3.023    3.7190
 3.021    3.6985
 3.019    3.6833
 3.018    3.6760
 3.016    3.6999
 3.014    3.7075
 3.012    3.7046
 3.011    3.6929
 3.009    3.6780
 3.007    3.6711
 3.005    3.6545
 3.004    3.6523
 3.002    3.6611
 3.000    3.6582
 2.998    3.6382
 2.997    3.6296
 2.995    3.6221
 2.993    3.6047
 2.991    3.6045
 2.990    3.6157
 2.988    3.5969
 2.986    3.5886
 2.985    3.6003
 2.983    3.5784
 2.981    3.5666
 2.979    3.5720
 2.978    3.5420
 2.976    3.5083
 2.974    3.4988
 2.973    3.5051
 2.971    3.4768
 2.969    3.4629
 2.967    3.4734
 2.966    3.4702
 2.964    3.4368
 2.962    3.4158
 2.961    3.4143
 2.959    3.4153
 2.957    3.3967
 2.956    3.3528
 2.954    3.3298
 2.952    3.3235
 2.951    3.2908
 2.949    3.2578
 2.947    3.2424
 2.946    3.2461
 2.944    3.1985
 2.942    3.1562
 2.941    3.1587
 2.939    3.1562
 2.937    3.1250
 2.936    3.0798
 2.934    3.0515
 2.932    3.0351
 2.931    3.0012
 2.929    2.9651
 2.927    2.9560
 2.926    2.9275
 2.924    2.8540
 2.922    2.8186
 2.921    2.8274
 2.919    2.8057
 2.917    2.7793
 2.916    2.7627
 2.914    2.7070
 2.912    2.6775
 2.911    2.6580
 2.909    2.6304
 2.908    2.5815
 2.906    2.5129
 2.904    2.4709
 2.903    2.4517
 2.901    2.4033
 2.899    2.3923
 2.898    2.3928
 2.896    2.3752
 2.895    2.3525
 2.893    2.3076
 2.891    2.2524
 2.890    2.2163
 2.888    2.1765
 2.887    2.1670
 2.885    2.1492
 2.883    2.1033
 2.882    2.0544
 2.880    2.0310
 2.878    2.0300
 2.877    2.0139
 2.875    1.9751
 2.874    1.9326
 2.872    1.8950
 2.871    1.8748
 2.869    1.8391
 2.867    1.7803
 2.866    1.7561
 2.864    1.7502
 2.863    1.7126
 2.861    1.6846
 2.859    1.6655
 2.858    1.6562
 2.856    1.6042
 2.855    1.5366
 2.853    1.5159
 2.852    1.5210
 2.850    1.4697
 2.848    1.4475
 2.847    1.4707
 2.845    1.4468
 2.844    1.4065
 2.842    1.3867
 2.841    1.3398
 2.839    1.2815
 2.838    1.2620
 2.836    1.2529
 2.834    1.2292
 2.833    1.2107
 2.831    1.2178
 2.830    1.2148
 2.828    1.1689
 2.827    1.1475
 2.825    1.1460
 2.824    1.1099
 2.822    1.0605
 2.821    1.0237
 2.819    1.0056
 2.817    1.0156
 2.816    0.9927
 2.814    0.9639
 2.813    0.9707
 2.811    0.9712
 2.810    0.9346
 2.808    0.9084
 2.807    0.8975
 2.805    0.8472
 2.804    0.7590
 2.802    0.7622
 2.801    0.8340
 2.799    0.8765
 2.798    0.8655
 2.796    0.8411
 2.795    0.8306
 2.793    0.8044
 2.792    0.8013
 2.790    0.7710
 2.789    0.6936
 2.787    0.6587
 2.786    0.7095
 2.784    0.7437
 2.783    0.7100
 2.781    0.6943
 2.780    0.6968
 2.778    0.6990
 2.777    0.7007
 2.775    0.7036
 2.774    0.6731
 2.772    0.6255
 2.771    0.6138
 2.769    0.6135
 2.768    0.5898
 2.766    0.6011
 2.765    0.6057
 2.763    0.5815
 2.762    0.5837
 2.760    0.6372
 2.759    0.6453
 2.758    0.5857
 2.756    0.4998
 2.755    0.5105
 2.753    0.5996
 2.752    0.6270
 2.750    0.6362
 2.749    0.6338
 2.747    0.6355
 2.746    0.6252
 2.744    0.6030
 2.743    0.5554
 2.741    0.4805
 2.740    0.4460
 2.739    0.4893
 2.737    0.5652
 2.736    0.5637
 2.734    0.5771
 2.733    0.6304
 2.731    0.6555
 2.730    0.6643
 2.729    0.6606
 2.727    0.6287
 2.726    0.5562
 2.724    0.5308
 2.723    0.5769
 2.721    0.5283
 2.720    0.5266
 2.718    0.6230
 2.717    0.6704
 2.716    0.7180
 2.714    0.7456
 2.713    0.7173
 2.711    0.6128
 2.710    0.5964
 2.709    0.7007
 2.707    0.7949
 2.706    0.8342
 2.704    0.8472
 2.703    0.8228
 2.701    0.7905
 2.700    0.8376
 2.699    0.8870
 2.697    0.8735
 2.696    0.7988
 2.694    0.7415
 2.693    0.7991
 2.692    0.9224
 2.690    0.9551
 2.689    0.9377
 2.687    0.9094
 2.686    0.9075
 2.685    0.9102
 2.683    0.9246
 2.682    0.9839
 2.681    0.9482
 2.679    0.8350
 2.678    0.7898
 2.676    0.7927
 2.675    0.9116
 2.674    0.9927
 2.672    0.9285
 2.671    0.7556
 2.669    0.7900
 2.668    0.8603
 2.667    0.7749
 2.665    0.7893
 2.664    0.9380
 2.663    1.0588
 2.661    1.0518
 2.660    1.0554
 2.659    1.1042
 2.657    1.1428
 2.656    1.1062
 2.654    1.1179
 2.653    1.0898
 2.652    1.1060
 2.650    1.2097
 2.649    1.2541
 2.648    1.2373
 2.646    1.1692
 2.645    1.1763
 2.644    1.2422
 2.642    1.2322
 2.641    1.2358
 2.640    1.2722
 2.638    1.2895
 2.637    1.3064
 2.636    1.2759
 2.634    1.1816
 2.633    1.1748
 2.632    1.0854
 2.630    0.9853
 2.629    1.1167
 2.628    1.1511
 2.626    1.1318
 2.625    1.2742
 2.624    1.3459
 2.622    1.2759
 2.621    1.0977
 2.620    1.0955
 2.618    1.1248
 2.617    1.0127
 2.616    1.1401
 2.614    1.2622
 2.613    1.2581
 2.612    1.2908
 2.610    1.2368
 2.609    1.1953
 2.608    1.1750
 2.606    1.0835
 2.605    1.0359
 2.604    1.1162
 2.602    1.2056
 2.601    1.2739
 2.600    1.3582
 2.599    1.3713
 2.597    1.2375
 2.596    0.9636
 2.595    0.8372
 2.593    1.0725
 2.592    1.3030
 2.591    1.3538
 2.589    1.2881
 2.588    1.2124
 2.587    1.2065
 2.586    1.2424
 2.584    1.1350
 2.583    1.1763
 2.582    1.2771
 2.580    1.3228
 2.579    1.4143
 2.578    1.3274
 2.577    1.2517
 2.575    1.3108
 2.574    1.2578
 2.573    1.2686
 2.572    1.3689
 2.570    1.3027
 2.569    1.3174
 2.568    1.4233
 2.566    1.4397
 2.565    1.3086
 2.564    1.2041
 2.563    1.1897
 2.561    1.1960
 2.560    1.3130
 2.559    1.4636
 2.558    1.5090
 2.556    1.5164
 2.555    1.5100
 2.554    1.4353
 2.553    1.3782
 2.551    1.4141
 2.550    1.4573
 2.549    1.4600
 2.547    1.4665
 2.546    1.5093
 2.545    1.4829
 2.544    1.4465
 2.542    1.4448
 2.541    1.5041
 2.540    1.5481
 2.539    1.5603
 2.538    1.5320
 2.536    1.4685
 2.535    1.4949
 2.534    1.5193
 2.533    1.4929
 2.531    1.4919
 2.530    1.5188
 2.529    1.5493
 2.528    1.5574
 2.526    1.5679
 2.525    1.5623
 2.524    1.5549
 2.523    1.5840
 2.521    1.5864
 2.520    1.5747
 2.519    1.5881
 2.518    1.5832
 2.517    1.5847
 2.515    1.5779
 2.514    1.5876
 2.513    1.5930
 2.512    1.5767
 2.510    1.5749
 2.509    1.5930
 2.508    1.6062
 2.507    1.6147
 2.506    1.6167
 2.504    1.6174
 2.503    1.6147
 2.502    1.6184
 2.501    1.6189
 2.500    1.6121
 2.498    1.6226
 2.497    1.6394
 2.496    1.6387
 2.495    1.6311
 2.494    1.6206
 2.492    1.6189
 2.491    1.6235
 2.490    1.6313
 2.489    1.6414
 2.488    1.6484
 2.486    1.6416
 2.485    1.6411
 2.484    1.6416
 2.483    1.6519
 2.482    1.6494
 2.480    1.6545
 2.479    1.6604
 2.478    1.6611
 2.477    1.6570
 2.476    1.6523
 2.475    1.6477
 2.473    1.6680
 2.472    1.6741
 2.471    1.6645
 2.470    1.6758
 2.469    1.6848
 2.467    1.6790
 2.466    1.6777
 2.465    1.6728
 2.464    1.6636
 2.463    1.6677
 2.462    1.6821
 2.460    1.6838
 2.459    1.6951
 2.458    1.6999
 2.457    1.6929
 2.456    1.6870
 2.455    1.6960
 2.453    1.6904
 2.452    1.6868
 2.451    1.6934
 2.450    1.6916
 2.449    1.6907
 2.448    1.6919
 2.447    1.6865
 2.445    1.7095
 2.444    1.7251
 2.443    1.7185
 2.442    1.7165
 2.441    1.7039
 2.440    1.6982
 2.438    1.7063
 2.437    1.7087
 2.436    1.7095
 2.435    1.7104
 2.434    1.7231
 2.433    1.7373
 2.432    1.7407
 2.430    1.7368
 2.429    1.7266
 2.428    1.7356
 2.427    1.7546
 2.426    1.7397
 2.425    1.7292
 2.424    1.7339
 2.423    1.7395
 2.421    1.7422
 2.420    1.7266
 2.419    1.7217
 2.418    1.7427
 2.417    1.7400
 2.416    1.7317
 2.415    1.7344
 2.413    1.7507
 2.412    1.7307
 2.411    1.7178
 2.410    1.7295
 2.409    1.7468
 2.408    1.7600
 2.407    1.7519
 2.406    1.7500
 2.405    1.7764
 2.403    1.7744
 2.402    1.7620
 2.401    1.7515
 2.400    1.7480
 2.399    1.7712
 2.398    1.7893
 2.397    1.7839
 2.396    1.7856
 2.395    1.7886
 2.393    1.7810
 2.392    1.7800
 2.391    1.7744
 2.390    1.7749
 2.389    1.7778
 2.388    1.7776
 2.387    1.7830
 2.386    1.7756
 2.385    1.7717
 2.384    1.7800
 2.382    1.7895
 2.381    1.7839
 2.380    1.7729
 2.379    1.7749
 2.378    1.7725
 2.377    1.7729
 2.376    1.7878
 2.375    1.7866
 2.374    1.7778
 2.373    1.7798
 2.372    1.7847
 2.370    1.7942
 2.369    1.8118
 2.368    1.8149
 2.367    1.7974
 2.366    1.7729
 2.365    1.7742
 2.364    1.7949
 2.363    1.8083
 2.362    1.8123
 2.361    1.8018
 2.360    1.8000
 2.359    1.8042
 2.358    1.8135
 2.356    1.8318
 2.355    1.8293
 2.354    1.8169
 2.353    1.8015
 2.352    1.8118
 2.351    1.8262
 2.350    1.8203
 2.349    1.8132
 2.348    1.8064
 2.347    1.8098
 2.346    1.8113
 2.345    1.8210
 2.344    1.8428
 2.343    1.8311
 2.342    1.8171
 2.340    1.8113
 2.339    1.8105
 2.338    1.8022
 2.337    1.8101
 2.336    1.8235
 2.335    1.8242
 2.334    1.8301
 2.333    1.8247
 2.332    1.8284
 2.331    1.8540
 2.330    1.8530
 2.329    1.8281
 2.328    1.8127
 2.327    1.8140
 2.326    1.8367
 2.325    1.8357
 2.324    1.8230
 2.323    1.8369
 2.322    1.8430
 2.321    1.8484
 2.320    1.8496
 2.318    1.8413
 2.317    1.8372
 2.316    1.8479
 2.315    1.8599
 2.314    1.8467
 2.313    1.8394
 2.312    1.8450
 2.311    1.8428
 2.310    1.8489
 2.309    1.8608
 2.308    1.8672
 2.307    1.8403
 2.306    1.8445
 2.305    1.8638
 2.304    1.8665
 2.303    1.8535
 2.302    1.8557
 2.301    1.8748
 2.300    1.8645
 2.299    1.8379
 2.298    1.8503
 2.297    1.8623
 2.296    1.8528
 2.295    1.8342
 2.294    1.8376
 2.293    1.8606
 2.292    1.8677
 2.291    1.8547
 2.290    1.8579
 2.289    1.8638
 2.288    1.8708
 2.287    1.8845
 2.286    1.8769
 2.285    1.8552
 2.284    1.8672
 2.283    1.8713
 2.282    1.8603
 2.281    1.8625
 2.280    1.8774
 2.279    1.8735
 2.278    1.8723
 2.277    1.8735
 2.276    1.8735
 2.275    1.8899
 2.274    1.8850
 2.273    1.8638
 2.272    1.8782
 2.271    1.8857
 2.270    1.8740
 2.269    1.8672
 2.268    1.8660
 2.267    1.8838
 2.266    1.8935
 2.265    1.8855
 2.264    1.8760
 2.263    1.8662
 2.262    1.8718
 2.261    1.8811
 2.260    1.8943
 2.259    1.8928
 2.258    1.8938
 2.257    1.8801
 2.256    1.8667
 2.255    1.8779
 2.254    1.9004
 2.253    1.9060
 2.252    1.8962
 2.251    1.8987
 2.250    1.9185
 2.249    1.9138
 2.248    1.9067
 2.247    1.9189
 2.246    1.9204
 2.245    1.9001
 2.244    1.8967
 2.243    1.8909
 2.242    1.8899
 2.241    1.9038
 2.240    1.9038
 2.239    1.9021
 2.238    1.9158
 2.237    1.9045
 2.236    1.8933
 2.236    1.8970
 2.235    1.9048
 2.234    1.9163
 2.233    1.9209
 2.232    1.9170
 2.231    1.9172
 2.230    1.9209
 2.229    1.9028
 2.228    1.9175
 2.227    1.9202
 2.226    1.9167
 2.225    1.9302
 2.224    1.9199
 2.223    1.9143
 2.222    1.9189
 2.221    1.9241
 2.220    1.9082
 2.219    1.8994
 2.218    1.9097
 2.217    1.9211
 2.216    1.9202
 2.215    1.9072
 2.215    1.8970
 2.214    1.9060
 2.213    1.9402
 2.212    1.9431
 2.211    1.9360
 2.210    1.9326
 2.209    1.9268
 2.208    1.9336
 2.207    1.9473
 2.206    1.9426
 2.205    1.9258
 2.204    1.9329
 2.203    1.9341
 2.202    1.9233
 2.201    1.9311
 2.200    1.9338
 2.199    1.9221
 2.199    1.9302
 2.198    1.9414
 2.197    1.9316
 2.196    1.9370
 2.195    1.9602
 2.194    1.9536
 2.193    1.9377
 2.192    1.9377
 2.191    1.9477
 2.190    1.9228
 2.189    1.9224
 2.188    1.9355
 2.187    1.9250
 2.186    1.9290
 2.186    1.9416
 2.185    1.9438
 2.184    1.9258
 2.183    1.9228
 2.182    1.9519
 2.181    1.9582
 2.180    1.9477
 2.179    1.9529
 2.178    1.9639
 2.177    1.9644
 2.176    1.9631
 2.175    1.9570
 2.175    1.9360
 2.174    1.9509
 2.173    1.9653
 2.172    1.9343
 2.171    1.9377
 2.170    1.9482
 2.169    1.9402
 2.168    1.9421
 2.167    1.9673
 2.166    1.9644
 2.165    1.9636
 2.165    1.9687
 2.164    1.9624
 2.163    1.9412
 2.162    1.9338
 2.161    1.9536
 2.160    1.9619
 2.159    1.9617
 2.158    1.9602
 2.157    1.9499
 2.156    1.9646
 2.156    1.9729
 2.155    1.9756
 2.154    1.9853
 2.153    1.9761
 2.152    1.9639
 2.151    1.9465
 2.150    1.9536
 2.149    1.9780
 2.148    1.9800
 2.148    1.9910
 2.147    1.9946
 2.146    1.9695
 2.145    1.9477
 2.144    1.9451
 2.143    1.9602
 2.142    1.9568
 2.141    1.9619
 2.140    1.9998
 2.140    1.9983
 2.139    1.9751
 2.138    1.9619
 2.137    1.9683
 2.136    1.9858
 2.135    1.9780
 2.134    1.9912
 2.133    2.0151
 2.133    2.0068
 2.132    2.0066
 2.131    1.9917
 2.130    1.9595
 2.129    1.9582
 2.128    1.9629
 2.127    1.9678
 2.126    1.9790
 2.126    1.9734
 2.125    1.9954
 2.124    1.9922
 2.123    1.9856
 2.122    1.9839
 2.121    1.9839
 2.120    1.9834
 2.119    1.9824
 2.119    1.9958
 2.118    2.0056
 2.117    1.9985
 2.116    1.9958
 2.115    2.0054
 2.114    2.0112
 2.113    2.0046
 2.113    1.9897
 2.112    2.0122
 2.111    2.0310
 2.110    2.0185
 2.109    2.0098
 2.108    1.9836
 2.107    1.9668
 2.107    1.9680
 2.106    1.9783
 2.105    1.9871
 2.104    1.9990
 2.103    2.0068
 2.102    2.0139
 2.101    2.0115
 2.101    2.0063
 2.100    1.9956
 2.099    1.9939
 2.098    1.9976
 2.097    2.0012
 2.096    1.9844
 2.095    1.9722
 2.095    1.9856
 2.094    1.9976
 2.093    2.0330
 2.092    2.0264
 2.091    2.0098
 2.090    2.0303
 2.090    2.0188
 2.089    1.9907
 2.088    1.9885
 2.087    1.9978
 2.086    2.0095
 2.085    2.0000
 2.085    1.9714
 2.084    1.9922
 2.083    2.0334
 2.082    2.0081
 2.081    2.0049
 2.080    2.0330
 2.079    2.0276
