13.973    3.8384
13.936    3.7951
13.899    3.7383
13.861    3.6946
13.824    3.6546
13.788    3.6185
13.751    3.5721
13.715    3.5355
13.679    3.4910
13.643    3.4467
13.607    3.3945
13.571    3.3529
13.536    3.3149
13.500    3.2811
13.465    3.2424
13.430    3.2051
13.396    3.1589
13.361    3.1136
13.327    3.0655
13.293    3.0259
13.259    2.9792
13.225    2.9383
13.191    2.8974
13.158    2.8555
13.124    2.8101
13.091    2.7677
13.058    2.7251
13.026    2.6868
12.993    2.6404
12.960    2.6000
12.928    2.5619
12.896    2.5248
12.864    2.4842
12.832    2.4462
12.800    2.4043
12.769    2.3643
12.737    2.3188
12.706    2.2743
12.675    2.2301
12.644    2.1911
12.614    2.1497
12.583    2.1119
12.552    2.0726
12.522    2.0384
12.492    1.9985
12.462    1.9583
12.432    1.9171
12.402    1.8786
12.373    1.8382
12.343    1.7997
12.314    1.7609
12.285    1.7300
12.256    1.6977
12.227    1.6664
12.198    1.6334
12.169    1.6030
12.141    1.5729
12.113    1.5461
12.084    1.5183
12.056    1.4929
12.028    1.4666
12.000    1.4405
11.973    1.4118
11.945    1.3846
11.918    1.3542
11.890    1.3274
11.863    1.2989
11.836    1.2733
11.809    1.2496
11.782    1.2300
11.755    1.2106
11.729    1.1934
11.702    1.1728
11.676    1.1532
11.650    1.1295
11.624    1.1089
11.598    1.0898
11.572    1.0735
11.546    1.0560
11.520    1.0407
11.495    1.0250
11.469    1.0130
11.444    0.9988
11.419    0.9871
11.394    0.9761
11.369    0.9656
11.344    0.9541
11.319    0.9452
11.294    0.9355
11.270    0.9280
11.245    0.9202
11.221    0.9156
11.197    0.9101
11.173    0.9046
11.149    0.9003
11.125    0.9008
11.101    0.8979
11.077    0.8926
11.054    0.8862
11.030    0.8848
11.007    0.8840
10.983    0.8857
10.960    0.8871
10.937    0.8903
10.914    0.8898
10.891    0.8890
10.868    0.8867
10.846    0.8893
10.823    0.8924
10.800    0.8974
10.778    0.8996
10.755    0.9030
10.733    0.9072
10.711    0.9147
10.689    0.9204
10.667    0.9275
10.645    0.9297
10.623    0.9329
10.602    0.9345
10.580    0.9410
10.558    0.9484
10.537    0.9565
10.516    0.9629
10.494    0.9716
10.473    0.9780
10.452    0.9869
10.431    0.9931
10.410    1.0024
10.389    1.0092
10.368    1.0154
10.348    1.0228
10.327    1.0323
10.306    1.0391
10.286    1.0505
10.266    1.0596
10.245    1.0687
10.225    1.0757
10.205    1.0840
10.185    1.0939
10.165    1.1017
10.145    1.1056
10.125    1.1144
10.106    1.1209
10.086    1.1274
10.066    1.1324
10.047    1.1398
10.027    1.1472
10.008    1.1534
 9.989    1.1597
 9.970    1.1714
 9.950    1.1800
 9.931    1.1886
 9.912    1.1960
 9.893    1.2058
 9.875    1.2144
 9.856    1.2242
 9.837    1.2321
 9.819    1.2412
 9.800    1.2472
 9.781    1.2510
 9.763    1.2534
 9.745    1.2620
 9.726    1.2692
 9.708    1.2745
 9.690    1.2778
 9.672    1.2853
 9.654    1.2917
 9.636    1.2965
 9.618    1.2996
 9.600    1.3094
 9.582    1.3168
 9.565    1.3235
 9.547    1.3312
 9.530    1.3386
 9.512    1.3420
 9.495    1.3491
 9.477    1.3575
 9.460    1.3688
 9.443    1.3802
 9.426    1.3912
 9.409    1.3946
 9.392    1.3965
 9.375    1.3972
 9.358    1.4023
 9.341    1.4075
 9.324    1.4138
 9.307    1.4209
 9.291    1.4315
 9.274    1.4379
 9.257    1.4458
 9.241    1.4499
 9.225    1.4530
 9.208    1.4525
 9.192    1.4518
 9.175    1.4528
 9.159    1.4601
 9.143    1.4669
 9.127    1.4743
 9.111    1.4807
 9.095    1.4898
 9.079    1.4977
 9.063    1.5080
 9.047    1.5176
 9.032    1.5264
 9.016    1.5295
 9.000    1.5331
 8.985    1.5377
 8.969    1.5422
 8.954    1.5449
 8.938    1.5518
 8.923    1.5573
 8.908    1.5611
 8.892    1.5618
 8.877    1.5652
 8.862    1.5669
 8.847    1.5666
 8.832    1.5673
 8.817    1.5757
 8.802    1.5834
 8.787    1.5910
 8.772    1.5963
 8.757    1.5997
 8.742    1.5977
 8.727    1.5961
 8.713    1.5963
 8.698    1.6011
 8.684    1.6071
 8.669    1.6159
 8.655    1.6238
 8.640    1.6302
 8.626    1.6331
 8.612    1.6367
 8.597    1.6358
 8.583    1.6346
 8.569    1.6338
 8.555    1.6336
 8.541    1.6334
 8.527    1.6353
 8.513    1.6379
 8.499    1.6434
 8.485    1.6487
 8.471    1.6559
 8.457    1.6619
 8.443    1.6671
 8.430    1.6721
 8.416    1.6803
 8.402    1.6858
 8.389    1.6877
 8.375    1.6874
 8.361    1.6887
 8.348    1.6879
 8.335    1.6877
 8.321    1.6882
 8.308    1.6929
 8.295    1.6965
 8.281    1.6989
 8.268    1.7030
 8.255    1.7092
 8.242    1.7111
 8.229    1.7126
 8.216    1.7121
 8.203    1.7128
 8.190    1.7136
 8.177    1.7173
 8.164    1.7228
 8.151    1.7291
 8.138    1.7327
 8.126    1.7370
 8.113    1.7375
 8.100    1.7365
 8.088    1.7339
 8.075    1.7327
 8.062    1.7300
 8.050    1.7300
 8.037    1.7331
 8.025    1.7389
 8.013    1.7425
 8.000    1.7461
 7.988    1.7480
 7.976    1.7468
 7.963    1.7430
 7.951    1.7405
 7.939    1.7401
 7.927    1.7425
 7.915    1.7451
 7.903    1.7465
 7.891    1.7465
 7.879    1.7465
 7.867    1.7470
 7.855    1.7506
 7.843    1.7552
 7.831    1.7604
 7.819    1.7643
 7.808    1.7633
 7.796    1.7602
 7.784    1.7597
 7.772    1.7612
 7.761    1.7667
 7.749    1.7717
 7.737    1.7776
 7.726    1.7817
 7.715    1.7815
 7.703    1.7800
 7.692    1.7805
 7.680    1.7808
 7.669    1.7848
 7.657    1.7870
 7.646    1.7867
 7.635    1.7841
 7.624    1.7786
 7.613    1.7700
 7.601    1.7647
 7.590    1.7649
 7.579    1.7767
 7.568    1.7906
 7.557    1.8033
 7.546    1.8148
 7.535    1.8253
 7.524    1.8303
 7.513    1.8289
 7.502    1.8078
 7.492    1.7724
 7.481    1.7454
 7.470    1.7355
 7.459    1.7451
 7.449    1.7729
 7.438    1.8083
 7.427    1.8396
 7.417    1.8463
 7.406    1.8362
 7.395    1.8372
 7.385    1.8444
 7.374    1.8291
 7.364    1.7908
 7.353    1.7633
 7.343    1.7523
 7.333    1.7554
 7.322    1.7817
 7.312    1.8076
 7.302    1.8133
 7.291    1.7982
 7.281    1.7794
 7.271    1.7853
 7.261    1.8119
 7.251    1.8556
 7.240    1.8779
 7.230    1.8578
 7.220    1.8382
 7.210    1.8348
 7.200    1.8088
 7.190    1.7767
 7.180    1.7475
 7.170    1.7264
 7.160    1.7169
 7.151    1.7205
 7.141    1.7573
 7.131    1.8154
 7.121    1.8542
 7.111    1.8815
 7.102    1.9006
 7.092    1.9258
 7.082    1.9260
 7.072    1.8447
 7.063    1.7581
 7.053    1.6987
 7.044    1.6767
 7.034    1.7080
 7.025    1.7703
 7.015    1.8432
 7.006    1.8973
 6.996    1.8870
 6.987    1.8195
 6.977    1.7492
 6.968    1.7248
 6.959    1.7523
 6.949    1.8044
 6.940    1.8611
 6.931    1.9171
 6.921    1.9437
 6.912    1.9214
 6.903    1.9140
 6.894    1.8418
 6.885    1.6975
 6.875    1.5877
 6.866    1.5470
 6.857    1.5312
 6.848    1.5657
 6.839    1.6958
 6.830    1.8695
 6.821    1.8963
 6.812    1.7913
 6.803    1.6956
 6.794    1.6556
 6.785    1.6437
 6.777    1.6645
 6.768    1.7791
 6.759    1.9346
 6.750    2.0035
 6.741    1.9542
 6.733    1.8451
 6.724    1.7774
 6.715    1.7581
 6.707    1.7219
 6.698    1.7046
 6.689    1.7322
 6.681    1.8071
 6.672    1.8403
 6.663    1.7490
 6.655    1.6302
 6.646    1.5355
 6.638    1.4564
 6.629    1.4494
 6.621    1.5135
 6.612    1.6559
 6.604    1.7545
 6.596    1.6731
 6.587    1.5467
 6.579    1.4652
 6.571    1.4470
 6.562    1.5281
 6.554    1.6497
 6.546    1.7360
 6.537    1.8112
 6.529    1.8511
 6.521    1.8023
 6.513    1.6458
 6.505    1.4743
 6.496    1.3728
 6.488    1.3834
 6.480    1.4484
 6.472    1.6193
 6.464    1.8449
 6.456    1.9693
 6.448    1.9808
 6.440    1.8188
 6.432    1.5582
 6.424    1.4128
 6.416    1.3855
 6.408    1.4817
 6.400    1.6623
 6.392    1.8296
 6.384    1.9992
 6.377    2.0511
 6.369    1.9604
 6.361    1.8827
 6.353    1.8779
 6.345    1.9399
 6.338    2.0207
 6.330    2.0882
 6.322    2.2164
 6.314    2.3423
 6.307    2.3667
 6.299    2.3476
 6.291    2.3437
 6.284    2.3397
 6.276    2.3471
 6.269    2.3581
 6.261    2.3693
 6.253    2.3794
 6.246    2.3942
 6.239    2.3928
 6.231    2.3804
 6.223    2.3950
 6.216    2.4258
 6.209    2.3638
 6.201    2.2554
 6.194    2.2040
 6.186    2.1672
 6.179    2.1119
 6.172    2.1014
 6.164    2.1349
 6.157    2.1899
 6.150    2.2176
 6.142    2.2327
 6.135    2.1834
 6.128    2.0576
 6.121    1.9336
 6.113    1.8808
 6.106    1.8839
 6.099    1.9105
 6.092    1.9174
 6.085    1.9050
 6.078    1.7971
 6.070    1.5700
 6.063    1.3544
 6.056    1.2747
 6.049    1.3345
 6.042    1.4266
 6.035    1.4807
 6.028    1.5958
 6.021    1.7121
 6.014    1.6606
 6.007    1.5276
 6.000    1.4494
 5.993    1.3958
 5.986    1.3319
 5.979    1.2819
 5.973    1.2955
 5.966    1.3489
 5.959    1.3085
 5.952    1.2128
 5.945    1.1611
 5.938    1.1226
 5.931    1.1247
 5.925    1.2049
 5.918    1.2783
 5.911    1.3154
 5.904    1.2328
 5.898    1.0867
 5.891    1.0008
 5.884    0.9584
 5.878    0.9883
 5.871    1.0833
 5.864    1.1896
 5.858    1.3063
 5.851    1.3623
 5.845    1.3199
 5.838    1.2436
 5.831    1.1733
 5.825    1.1477
 5.818    1.1779
 5.812    1.2738
 5.805    1.3998
 5.799    1.5015
 5.792    1.5159
 5.786    1.4102
 5.779    1.3049
 5.773    1.2460
 5.767    1.2061
 5.760    1.2180
 5.754    1.2745
 5.747    1.3637
 5.741    1.4300
 5.735    1.4111
 5.728    1.3668
 5.722    1.3604
 5.716    1.3647
 5.709    1.3834
 5.703    1.4329
 5.697    1.4872
 5.691    1.5178
 5.684    1.5420
 5.678    1.5446
 5.672    1.5611
 5.666    1.5633
 5.660    1.5051
 5.653    1.4501
 5.647    1.4135
 5.641    1.4166
 5.635    1.4695
 5.629    1.5453
 5.623    1.6224
 5.617    1.6692
 5.611    1.6819
 5.604    1.6908
 5.598    1.6678
 5.592    1.6250
 5.586    1.5894
 5.580    1.5790
 5.574    1.5760
 5.568    1.5793
 5.562    1.6229
 5.556    1.6774
 5.551    1.7040
 5.545    1.7195
 5.539    1.7377
 5.533    1.7571
 5.527    1.7703
 5.521    1.7678
 5.515    1.7764
 5.509    1.8030
 5.503    1.8392
 5.497    1.8389
 5.492    1.8154
 5.486    1.7810
 5.480    1.7255
 5.474    1.6841
 5.468    1.6824
 5.463    1.7136
 5.457    1.7631
 5.451    1.8166
 5.446    1.8729
 5.440    1.8597
 5.434    1.7889
 5.428    1.7377
 5.423    1.7207
 5.417    1.7334
 5.411    1.7758
 5.406    1.8499
 5.400    1.9176
 5.394    1.9336
 5.389    1.9293
 5.383    1.9298
 5.378    1.9375
 5.372    1.9293
 5.367    1.8791
 5.361    1.8226
 5.356    1.7911
 5.350    1.7901
 5.345    1.8171
 5.339    1.8702
 5.333    1.9351
 5.328    1.9748
 5.322    1.9719
 5.317    1.9662
 5.312    1.9586
 5.306    1.9355
 5.301    1.9196
 5.295    1.9078
 5.290    1.9020
 5.285    1.9102
 5.279    1.9332
 5.274    1.9636
 5.268    1.9803
 5.263    1.9846
 5.258    1.9935
 5.252    1.9870
 5.247    1.9734
 5.242    1.9698
 5.237    1.9789
 5.231    1.9705
 5.226    1.9509
 5.221    1.9409
 5.215    1.9248
 5.210    1.9100
 5.205    1.9147
 5.200    1.9423
 5.194    1.9822
 5.189    2.0068
 5.184    2.0234
 5.179    2.0387
 5.174    2.0401
 5.169    2.0401
 5.164    2.0255
 5.158    2.0011
 5.153    1.9831
 5.148    1.9767
 5.143    1.9822
 5.138    1.9997
 5.133    2.0265
 5.128    2.0504
 5.123    2.0540
 5.118    2.0509
 5.113    2.0516
 5.107    2.0554
 5.103    2.0590
 5.098    2.0543
 5.093    2.0480
 5.088    2.0449
 5.082    2.0456
 5.077    2.0516
 5.073    2.0633
 5.068    2.0786
 5.063    2.0884
 5.058    2.0870
 5.053    2.0856
 5.048    2.0873
 5.043    2.0897
 5.038    2.0868
 5.033    2.0720
 5.028    2.0578
 5.023    2.0509
 5.019    2.0507
 5.014    2.0583
 5.009    2.0731
 5.004    2.0915
 4.999    2.1042
 4.994    2.1042
 4.990    2.1045
 4.985    2.1074
 4.980    2.1100
 4.975    2.1092
 4.970    2.1009
 4.966    2.0930
 4.961    2.0911
 4.956    2.0923
 4.951    2.0954
 4.947    2.1014
 4.942    2.1090
 4.937    2.1126
 4.933    2.1095
 4.928    2.1092
 4.923    2.1128
 4.919    2.1169
 4.914    2.1174
 4.909    2.1155
 4.905    2.1138
 4.900    2.1121
 4.895    2.1126
 4.891    2.1160
 4.886    2.1188
 4.882    2.1219
 4.877    2.1236
 4.872    2.1241
 4.868    2.1236
 4.863    2.1222
 4.859    2.1212
 4.854    2.1181
 4.849    2.1138
 4.845    2.1131
 4.840    2.1162
 4.836    2.1217
 4.832    2.1258
 4.827    2.1279
 4.822    2.1289
 4.818    2.1269
 4.814    2.1253
 4.809    2.1258
 4.805    2.1272
 4.800    2.1282
 4.796    2.1277
 4.791    2.1277
 4.787    2.1279
 4.782    2.1296
 4.778    2.1308
 4.774    2.1318
 4.769    2.1327
 4.765    2.1320
 4.761    2.1301
 4.756    2.1287
 4.752    2.1291
 4.747    2.1310
 4.743    2.1305
 4.739    2.1298
 4.734    2.1301
 4.730    2.1287
 4.726    2.1272
 4.721    2.1267
 4.717    2.1287
 4.713    2.1318
 4.709    2.1339
 4.704    2.1351
 4.700    2.1360
 4.696    2.1344
 4.691    2.1323
 4.687    2.1303
 4.683    2.1282
 4.679    2.1282
 4.675    2.1291
 4.670    2.1293
 4.666    2.1289
 4.662    2.1291
 4.658    2.1301
 4.654    2.1308
 4.649    2.1305
 4.645    2.1318
 4.641    2.1344
 4.637    2.1341
 4.633    2.1329
 4.629    2.1339
 4.625    2.1349
 4.620    2.1334
 4.616    2.1313
 4.612    2.1327
 4.608    2.1353
 4.604    2.1356
 4.600    2.1346
 4.596    2.1324
 4.592    2.1315
 4.588    2.1313
 4.584    2.1327
 4.580    2.1356
 4.576    2.1384
 4.572    2.1404
 4.567    2.1380
 4.564    2.1341
 4.559    2.1329
 4.556    2.1334
 4.551    2.1341
 4.548    2.1351
 4.543    2.1363
 4.540    2.1370
 4.536    2.1358
 4.532    2.1353
 4.528    2.1363
 4.524    2.1375
 4.520    2.1396
 4.516    2.1428
 4.512    2.1442
 4.508    2.1442
 4.504    2.1446
 4.500    2.1466
 4.496    2.1475
 4.492    2.1473
 4.488    2.1471
 4.485    2.1471
 4.481    2.1466
 4.477    2.1468
 4.473    2.1495
 4.469    2.1533
 4.465    2.1555
 4.461    2.1564
 4.458    2.1562
 4.454    2.1555
 4.450    2.1542
 4.446    2.1537
 4.442    2.1550
 4.439    2.1571
 4.435    2.1591
 4.431    2.1602
 4.427    2.1605
 4.423    2.1619
 4.420    2.1641
 4.416    2.1662
 4.412    2.1681
 4.408    2.1681
 4.404    2.1674
 4.401    2.1657
 4.397    2.1636
 4.393    2.1641
 4.390    2.1662
 4.386    2.1688
 4.382    2.1708
 4.378    2.1714
 4.375    2.1734
 4.371    2.1750
 4.367    2.1758
 4.364    2.1774
 4.360    2.1794
 4.356    2.1801
 4.353    2.1799
 4.349    2.1801
 4.346    2.1808
 4.342    2.1813
 4.338    2.1822
 4.335    2.1851
 4.331    2.1877
 4.327    2.1890
 4.324    2.1906
 4.320    2.1923
 4.316    2.1927
 4.313    2.1923
 4.309    2.1925
 4.306    2.1942
 4.302    2.1956
 4.299    2.1978
 4.295    2.2004
 4.292    2.2018
 4.288    2.2018
 4.284    2.2016
 4.281    2.2007
 4.277    2.2011
 4.274    2.2031
 4.270    2.2042
 4.267    2.2047
 4.263    2.2052
 4.260    2.2059
 4.256    2.2057
 4.253    2.2042
 4.249    2.2042
 4.246    2.2071
 4.242    2.2083
 4.239    2.2090
 4.235    2.2114
 4.232    2.2138
 4.229    2.2148
 4.225    2.2162
 4.222    2.2189
 4.218    2.2236
 4.215    2.2270
 4.211    2.2284
 4.208    2.2289
 4.205    2.2270
 4.201    2.2255
 4.198    2.2265
 4.194    2.2280
 4.191    2.2303
 4.188    2.2335
 4.184    2.2368
 4.181    2.2385
 4.177    2.2377
 4.174    2.2394
 4.171    2.2425
 4.167    2.2442
 4.164    2.2447
 4.161    2.2466
 4.157    2.2485
 4.154    2.2490
 4.151    2.2492
 4.147    2.2507
 4.144    2.2521
 4.141    2.2526
 4.137    2.2521
 4.134    2.2538
 4.131    2.2549
 4.128    2.2557
 4.124    2.2566
 4.121    2.2583
 4.118    2.2598
 4.114    2.2600
 4.111    2.2598
 4.108    2.2621
 4.105    2.2653
 4.101    2.2674
 4.098    2.2689
 4.095    2.2705
 4.092    2.2720
 4.088    2.2717
 4.085    2.2720
 4.082    2.2751
 4.079    2.2806
 4.076    2.2858
 4.072    2.2897
 4.069    2.2916
 4.066    2.2918
 4.063    2.2904
 4.060    2.2904
 4.056    2.2923
 4.053    2.2949
 4.050    2.2964
 4.047    2.2971
 4.044    2.2978
 4.041    2.2988
 4.037    2.3002
 4.034    2.3016
 4.031    2.3038
 4.028    2.3057
 4.025    2.3081
 4.022    2.3095
 4.019    2.3102
 4.016    2.3119
 4.013    2.3155
 4.009    2.3191
 4.006    2.3217
 4.003    2.3251
 4.000    2.3287
 3.997    2.3301
 3.994    2.3292
 3.991    2.3287
 3.988    2.3294
 3.985    2.3301
 3.982    2.3298
 3.979    2.3296
 3.976    2.3313
 3.973    2.3334
 3.970    2.3358
 3.966    2.3380
 3.963    2.3385
 3.960    2.3397
 3.957    2.3425
 3.954    2.3449
 3.951    2.3480
 3.948    2.3505
 3.945    2.3528
 3.942    2.3564
 3.939    2.3591
 3.936    2.3610
 3.933    2.3631
 3.930    2.3641
 3.927    2.3643
 3.924    2.3624
 3.921    2.3631
 3.918    2.3667
 3.916    2.3684
 3.913    2.3693
 3.910    2.3722
 3.907    2.3751
 3.904    2.3773
 3.901    2.3779
 3.898    2.3804
 3.895    2.3825
 3.892    2.3835
 3.889    2.3863
 3.886    2.3892
 3.883    2.3921
 3.880    2.3950
 3.877    2.3971
 3.875    2.3990
 3.872    2.4012
 3.869    2.4038
 3.866    2.4069
 3.863    2.4078
 3.860    2.4093
 3.857    2.4117
 3.854    2.4119
 3.852    2.4122
 3.849    2.4143
 3.846    2.4177
 3.843    2.4213
 3.840    2.4222
 3.837    2.4220
 3.834    2.4222
 3.832    2.4208
 3.829    2.4208
 3.826    2.4234
 3.823    2.4275
 3.820    2.4322
 3.817    2.4366
 3.815    2.4394
 3.812    2.4421
 3.809    2.4430
 3.806    2.4449
 3.804    2.4478
 3.801    2.4493
 3.798    2.4519
 3.795    2.4548
 3.792    2.4564
 3.790    2.4569
 3.787    2.4576
 3.784    2.4603
 3.781    2.4639
 3.779    2.4667
 3.776    2.4708
 3.773    2.4739
 3.770    2.4748
 3.768    2.4756
 3.765    2.4763
 3.762    2.4767
 3.759    2.4782
 3.757    2.4822
 3.754    2.4878
 3.751    2.4916
 3.748    2.4930
 3.746    2.4935
 3.743    2.4925
 3.740    2.4902
 3.738    2.4897
 3.735    2.4942
 3.732    2.5009
 3.730    2.5064
 3.727    2.5093
 3.724    2.5110
 3.722    2.5129
 3.719    2.5129
 3.716    2.5120
 3.714    2.5121
 3.711    2.5141
 3.708    2.5170
 3.706    2.5193
 3.703    2.5232
 3.700    2.5294
 3.698    2.5349
 3.695    2.5380
 3.692    2.5380
 3.690    2.5397
 3.687    2.5430
 3.684    2.5452
 3.682    2.5474
 3.679    2.5505
 3.677    2.5528
 3.674    2.5555
 3.672    2.5569
 3.669    2.5583
 3.666    2.5600
 3.664    2.5627
 3.661    2.5648
 3.659    2.5682
 3.656    2.5718
 3.653    2.5763
 3.651    2.5804
 3.648    2.5825
 3.646    2.5815
 3.643    2.5806
 3.641    2.5796
 3.638    2.5813
 3.636    2.5846
 3.633    2.5899
 3.630    2.5978
 3.628    2.6045
 3.625    2.6062
 3.623    2.6062
 3.620    2.6060
 3.618    2.6088
 3.615    2.6127
 3.613    2.6148
 3.610    2.6174
 3.608    2.6210
 3.605    2.6237
 3.603    2.6258
 3.600    2.6287
 3.598    2.6337
 3.595    2.6356
 3.593    2.6340
 3.590    2.6351
 3.588    2.6409
 3.585    2.6471
 3.583    2.6524
 3.580    2.6557
 3.578    2.6595
 3.575    2.6605
 3.573    2.6603
 3.570    2.6631
 3.568    2.6672
 3.565    2.6701
 3.563    2.6739
 3.561    2.6780
 3.558    2.6827
 3.556    2.6871
 3.553    2.6916
 3.551    2.6993
 3.548    2.7050
 3.546    2.7076
 3.543    2.7115
 3.541    2.7143
 3.539    2.7153
 3.536    2.7160
 3.534    2.7196
 3.531    2.7256
 3.529    2.7287
 3.527    2.7292
 3.524    2.7323
 3.522    2.7380
 3.519    2.7440
 3.517    2.7502
 3.515    2.7562
 3.512    2.7603
 3.510    2.7598
 3.507    2.7576
 3.505    2.7607
 3.503    2.7658
 3.500    2.7701
 3.498    2.7737
 3.496    2.7768
 3.493    2.7813
 3.491    2.7871
 3.489    2.7926
 3.486    2.7997
 3.484    2.8065
 3.482    2.8119
 3.479    2.8165
 3.477    2.8196
 3.475    2.8242
 3.472    2.8309
 3.470    2.8351
 3.468    2.8387
 3.465    2.8442
 3.463    2.8512
 3.461    2.8572
 3.458    2.8600
 3.456    2.8627
 3.454    2.8675
 3.451    2.8694
 3.449    2.8718
 3.447    2.8792
 3.445    2.8883
 3.442    2.8952
 3.440    2.9017
 3.438    2.9089
 3.436    2.9167
 3.433    2.9242
 3.431    2.9316
 3.429    2.9378
 3.426    2.9398
 3.424    2.9404
 3.422    2.9438
 3.420    2.9474
 3.417    2.9538
 3.415    2.9648
 3.413    2.9742
 3.411    2.9787
 3.408    2.9814
 3.406    2.9852
 3.404    2.9895
 3.402    2.9921
 3.399    2.9976
 3.397    3.0048
 3.395    3.0120
 3.393    3.0179
 3.391    3.0218
 3.388    3.0237
 3.386    3.0251
 3.384    3.0273
 3.382    3.0323
 3.380    3.0378
 3.377    3.0457
 3.375    3.0564
 3.373    3.0675
 3.371    3.0749
 3.369    3.0811
 3.366    3.0868
 3.364    3.0950
 3.362    3.1012
 3.360    3.1067
 3.358    3.1125
 3.355    3.1201
 3.353    3.1268
 3.351    3.1333
 3.349    3.1393
 3.347    3.1471
 3.345    3.1546
 3.342    3.1615
 3.340    3.1682
 3.338    3.1785
 3.336    3.1879
 3.334    3.1934
 3.332    3.1986
 3.330    3.2053
 3.327    3.2118
 3.325    3.2184
 3.323    3.2244
 3.321    3.2314
 3.319    3.2376
 3.317    3.2443
 3.315    3.2560
 3.313    3.2701
 3.310    3.2831
 3.308    3.2936
 3.306    3.3000
 3.304    3.3022
 3.302    3.3032
 3.300    3.3055
 3.298    3.3130
 3.296    3.3237
 3.294    3.3352
 3.292    3.3491
 3.289    3.3622
 3.287    3.3685
 3.285    3.3699
 3.283    3.3723
 3.281    3.3790
 3.279    3.3876
 3.277    3.3960
 3.275    3.4063
 3.273    3.4175
 3.271    3.4278
 3.269    3.4340
 3.267    3.4386
 3.265    3.4467
 3.263    3.4574
 3.261    3.4683
 3.258    3.4795
 3.256    3.4922
 3.254    3.5073
 3.252    3.5168
 3.250    3.5216
 3.248    3.5286
 3.246    3.5372
 3.244    3.5460
 3.242    3.5529
 3.240    3.5644
 3.238    3.5809
 3.236    3.5912
 3.234    3.5996
 3.232    3.6082
 3.230    3.6161
 3.228    3.6194
 3.226    3.6225
 3.224    3.6331
 3.222    3.6482
 3.220    3.6601
 3.218    3.6733
 3.216    3.6852
 3.214    3.6929
 3.212    3.6943
 3.210    3.6972
 3.208    3.7024
 3.206    3.7106
 3.204    3.7209
 3.202    3.7336
 3.200    3.7472
 3.198    3.7587
 3.196    3.7656
 3.194    3.7767
 3.192    3.7898
 3.190    3.8025
 3.188    3.8147
 3.186    3.8269
 3.184    3.8384
 3.182    3.8482
 3.180    3.8551
 3.179    3.8628
 3.177    3.8711
 3.175    3.8798
 3.173    3.8879
 3.171    3.8946
 3.169    3.9008
 3.167    3.9085
 3.165    3.9164
 3.163    3.9226
 3.161    3.9283
 3.159    3.9377
 3.157    3.9479
 3.155    3.9549
 3.153    3.9585
 3.152    3.9599
 3.150    3.9614
 3.148    3.9621
 3.146    3.9618
 3.144    3.9671
 3.142    3.9755
 3.140    3.9836
 3.138    3.9908
 3.136    3.9958
 3.134    3.9972
 3.132    3.9963
 3.131    3.9936
 3.129    3.9927
 3.127    3.9939
 3.125    4.0008
 3.123    4.0097
 3.121    4.0154
 3.119    4.0157
 3.117    4.0087
 3.115    3.9975
 3.114    3.9918
 3.112    3.9903
 3.110    3.9929
 3.108    3.9960
 3.106    3.9986
 3.104    3.9985
 3.102    3.9927
 3.101    3.9874
 3.099    3.9874
 3.097    3.9831
 3.095    3.9759
 3.093    3.9709
 3.091    3.9692
 3.090    3.9683
 3.088    3.9637
 3.086    3.9556
 3.084    3.9479
 3.082    3.9398
 3.080    3.9369
 3.079    3.9365
 3.077    3.9357
 3.075    3.9317
 3.073    3.9240
 3.071    3.9152
 3.069    3.9092
 3.067    3.9042
 3.066    3.9011
 3.064    3.8968
 3.062    3.8893
 3.060    3.8750
 3.059    3.8609
 3.057    3.8487
 3.055    3.8393
 3.053    3.8310
 3.051    3.8245
 3.050    3.8223
 3.048    3.8257
 3.046    3.8230
 3.044    3.8178
 3.042    3.8099
 3.041    3.8035
 3.039    3.7949
 3.037    3.7838
 3.035    3.7752
 3.033    3.7712
 3.032    3.7652
 3.030    3.7599
 3.028    3.7527
 3.026    3.7441
 3.025    3.7328
 3.023    3.7235
 3.021    3.7151
 3.019    3.7087
 3.018    3.7029
 3.016    3.6991
 3.014    3.6927
 3.012    3.6816
 3.011    3.6721
 3.009    3.6699
 3.007    3.6692
 3.005    3.6692
 3.004    3.6661
 3.002    3.6587
 3.000    3.6503
 2.998    3.6381
 2.997    3.6238
 2.995    3.6166
 2.993    3.6099
 2.991    3.6041
 2.990    3.5965
 2.988    3.5895
 2.986    3.5855
 2.985    3.5781
 2.983    3.5685
 2.981    3.5611
 2.979    3.5500
 2.978    3.5381
 2.976    3.5230
 2.974    3.5063
 2.973    3.4907
 2.971    3.4759
 2.969    3.4618
 2.967    3.4493
 2.966    3.4362
 2.964    3.4238
 2.962    3.4094
 2.961    3.3926
 2.959    3.3740
 2.957    3.3558
 2.956    3.3386
 2.954    3.3192
 2.952    3.2953
 2.951    3.2714
 2.949    3.2460
 2.947    3.2225
 2.946    3.2015
 2.944    3.1830
 2.942    3.1639
 2.941    3.1457
 2.939    3.1252
 2.937    3.1019
 2.936    3.0720
 2.934    3.0433
 2.932    3.0184
 2.931    2.9911
 2.929    2.9536
 2.927    2.9141
 2.926    2.8761
 2.924    2.8395
 2.922    2.8048
 2.921    2.7763
 2.919    2.7548
 2.917    2.7371
 2.916    2.7110
 2.914    2.6799
 2.912    2.6504
 2.911    2.6196
 2.909    2.5832
 2.908    2.5464
 2.906    2.5000
 2.904    2.4523
 2.903    2.4107
 2.901    2.3808
 2.899    2.3631
 2.898    2.3497
 2.896    2.3346
 2.895    2.3196
 2.893    2.2892
 2.891    2.2507
 2.890    2.2119
 2.888    2.1753
 2.886    2.1423
 2.885    2.1143
 2.883    2.0844
 2.882    2.0535
 2.880    2.0267
 2.878    2.0011
 2.877    1.9669
 2.875    1.9293
 2.874    1.8968
 2.872    1.8669
 2.870    1.8303
 2.869    1.7999
 2.867    1.7851
 2.866    1.7678
 2.864    1.7375
 2.863    1.7085
 2.861    1.6827
 2.859    1.6444
 2.858    1.5984
 2.856    1.5638
 2.855    1.5355
 2.853    1.5037
 2.852    1.4759
 2.850    1.4611
 2.848    1.4508
 2.847    1.4384
 2.845    1.4274
 2.844    1.4123
 2.842    1.3829
 2.841    1.3446
 2.839    1.3006
 2.837    1.2568
 2.836    1.2197
 2.834    1.2008
 2.833    1.1934
 2.831    1.1833
 2.830    1.1704
 2.828    1.1597
 2.827    1.1420
 2.825    1.1139
 2.824    1.0768
 2.822    1.0482
 2.821    1.0254
 2.819    1.0020
 2.817    0.9836
 2.816    0.9764
 2.814    0.9714
 2.813    0.9618
 2.811    0.9479
 2.810    0.9330
 2.808    0.8996
 2.807    0.8479
 2.805    0.8053
 2.804    0.7845
 2.802    0.7790
 2.801    0.7900
 2.799    0.8110
 2.798    0.8271
 2.796    0.8261
 2.795    0.8163
 2.793    0.8010
 2.792    0.7689
 2.790    0.7299
 2.789    0.7036
 2.787    0.6854
 2.786    0.6742
 2.784    0.6757
 2.783    0.6859
 2.781    0.6871
 2.780    0.6773
 2.778    0.6735
 2.777    0.6780
 2.775    0.6730
 2.774    0.6562
 2.772    0.6311
 2.771    0.6086
 2.769    0.5917
 2.768    0.5746
 2.766    0.5584
 2.765    0.5543
 2.763    0.5668
 2.762    0.5869
 2.761    0.5864
 2.759    0.5692
 2.757    0.5524
 2.756    0.5333
 2.755    0.5201
 2.753    0.5294
 2.752    0.5627
 2.750    0.6012
 2.749    0.6211
 2.747    0.6232
 2.746    0.6086
 2.744    0.5699
 2.743    0.5187
 2.741    0.4828
 2.740    0.4656
 2.739    0.4663
 2.737    0.4931
 2.736    0.5364
 2.734    0.5737
 2.733    0.5983
 2.731    0.6172
 2.730    0.6266
 2.728    0.6113
 2.727    0.5873
 2.726    0.5536
 2.724    0.5113
 2.723    0.4871
 2.721    0.4943
 2.720    0.5299
 2.719    0.5785
 2.717    0.6316
 2.716    0.6718
 2.714    0.6708
 2.713    0.6436
 2.711    0.6268
 2.710    0.6326
 2.708    0.6663
 2.707    0.7225
 2.706    0.7718
 2.704    0.7938
 2.703    0.8022
 2.701    0.8101
 2.700    0.8108
 2.699    0.7953
 2.697    0.7685
 2.696    0.7548
 2.695    0.7558
 2.693    0.7754
 2.692    0.8168
 2.690    0.8656
 2.689    0.8962
 2.688    0.8939
 2.686    0.8862
 2.685    0.8986
 2.683    0.9062
 2.682    0.8924
 2.680    0.8529
 2.679    0.8175
 2.678    0.8060
 2.676    0.8196
 2.675    0.8309
 2.674    0.8381
 2.672    0.8453
 2.671    0.8235
 2.670    0.7675
 2.668    0.7345
 2.667    0.7623
 2.665    0.8254
 2.664    0.8682
 2.663    0.9204
 2.661    1.0005
 2.660    1.0508
 2.659    1.0692
 2.657    1.0726
 2.656    1.0706
 2.655    1.0718
 2.653    1.0807
 2.652    1.1094
 2.650    1.1405
 2.649    1.1551
 2.648    1.1716
 2.646    1.1730
 2.645    1.1623
 2.644    1.1685
 2.642    1.1951
 2.641    1.2300
 2.640    1.2508
 2.638    1.2458
 2.637    1.2350
 2.636    1.2080
 2.634    1.1422
 2.633    1.0867
 2.632    1.0544
 2.630    1.0297
 2.629    1.0398
 2.627    1.0862
 2.626    1.1644
 2.625    1.2115
 2.624    1.2044
 2.622    1.1932
 2.621    1.1364
 2.620    1.0549
 2.618    1.0233
 2.617    1.0443
 2.616    1.1051
 2.614    1.1594
 2.613    1.2049
 2.612    1.2383
 2.610    1.2101
 2.609    1.1479
 2.608    1.0917
 2.606    1.0496
 2.605    1.0424
 2.604    1.0768
 2.603    1.1517
 2.601    1.2484
 2.600    1.2845
 2.599    1.2125
 2.597    1.1022
 2.596    1.0235
 2.595    1.0037
 2.593    1.0453
 2.592    1.1276
 2.591    1.2156
 2.590    1.2659
 2.588    1.2291
 2.587    1.1663
 2.586    1.1367
 2.584    1.1379
 2.583    1.1750
 2.582    1.2183
 2.580    1.2468
 2.579    1.2869
 2.578    1.2877
 2.577    1.2532
 2.575    1.2408
 2.574    1.2328
 2.573    1.2403
 2.571    1.2642
 2.570    1.3006
 2.569    1.3412
 2.568    1.3408
 2.566    1.3051
 2.565    1.2654
 2.564    1.2125
 2.563    1.1810
 2.561    1.2087
 2.560    1.2881
 2.559    1.3812
 2.558    1.4479
 2.556    1.4695
 2.555    1.4473
 2.554    1.4125
 2.553    1.3907
 2.551    1.3755
 2.550    1.3810
 2.549    1.4066
 2.547    1.4257
 2.546    1.4221
 2.545    1.4188
 2.544    1.4281
 2.543    1.4441
 2.541    1.4594
 2.540    1.4733
 2.539    1.4838
 2.538    1.4860
 2.536    1.4719
 2.535    1.4582
 2.534    1.4539
 2.533    1.4637
 2.531    1.4814
 2.530    1.4929
 2.529    1.5063
 2.528    1.5202
 2.526    1.5252
 2.525    1.5264
 2.524    1.5281
 2.523    1.5331
 2.522    1.5360
 2.520    1.5358
 2.519    1.5353
 2.518    1.5341
 2.517    1.5334
 2.515    1.5367
 2.514    1.5441
 2.513    1.5544
 2.512    1.5621
 2.511    1.5659
 2.509    1.5671
 2.508    1.5690
 2.507    1.5690
 2.506    1.5683
 2.504    1.5688
 2.503    1.5731
 2.502    1.5790
 2.501    1.5848
 2.500    1.5870
 2.498    1.5870
 2.497    1.5831
 2.496    1.5817
 2.495    1.5824
 2.494    1.5872
 2.492    1.5927
 2.491    1.5972
 2.490    1.5984
 2.489    1.5972
 2.488    1.5951
 2.486    1.5977
 2.485    1.6018
 2.484    1.6080
 2.483    1.6121
 2.482    1.6166
 2.481    1.6195
 2.479    1.6229
 2.478    1.6271
 2.477    1.6298
 2.476    1.6279
 2.474    1.6265
 2.473    1.6243
 2.472    1.6255
 2.471    1.6279
 2.470    1.6307
 2.469    1.6353
 2.467    1.6398
 2.466    1.6420
 2.465    1.6439
 2.464    1.6427
 2.463    1.6437
 2.462    1.6446
 2.460    1.6439
 2.459    1.6432
 2.458    1.6473
 2.457    1.6530
 2.456    1.6559
 2.455    1.6544
 2.454    1.6547
 2.452    1.6570
 2.451    1.6592
 2.450    1.6599
 2.449    1.6652
 2.448    1.6712
 2.446    1.6746
 2.445    1.6750
 2.444    1.6750
 2.443    1.6752
 2.442    1.6764
 2.441    1.6783
 2.440    1.6834
 2.438    1.6874
 2.437    1.6877
 2.436    1.6863
 2.435    1.6851
 2.434    1.6841
 2.433    1.6869
 2.432    1.6932
 2.430    1.6994
 2.429    1.7001
 2.428    1.6968
 2.427    1.6929
 2.426    1.6891
 2.425    1.6874
 2.424    1.6908
 2.422    1.6968
 2.421    1.7035
 2.420    1.7090
 2.419    1.7121
 2.418    1.7114
 2.417    1.7100
 2.416    1.7106
 2.415    1.7126
 2.414    1.7123
 2.412    1.7136
 2.411    1.7142
 2.410    1.7126
 2.409    1.7114
 2.408    1.7126
 2.407    1.7162
 2.406    1.7197
 2.405    1.7205
 2.403    1.7214
 2.402    1.7233
 2.401    1.7274
 2.400    1.7300
 2.399    1.7300
 2.398    1.7315
 2.397    1.7327
 2.396    1.7305
 2.394    1.7303
 2.393    1.7331
 2.392    1.7355
 2.391    1.7334
 2.390    1.7303
 2.389    1.7315
 2.388    1.7365
 2.387    1.7401
 2.386    1.7446
 2.385    1.7509
 2.384    1.7552
 2.382    1.7530
 2.381    1.7504
 2.380    1.7509
 2.379    1.7535
 2.378    1.7527
 2.377    1.7542
 2.376    1.7552
 2.375    1.7537
 2.374    1.7490
 2.373    1.7477
 2.372    1.7506
 2.370    1.7525
 2.369    1.7542
 2.368    1.7590
 2.367    1.7621
 2.366    1.7649
 2.365    1.7662
 2.364    1.7678
 2.363    1.7698
 2.362    1.7686
 2.361    1.7662
 2.360    1.7645
 2.359    1.7631
 2.357    1.7635
 2.356    1.7635
 2.355    1.7652
 2.354    1.7695
 2.353    1.7726
 2.352    1.7734
 2.351    1.7753
 2.350    1.7760
 2.349    1.7764
 2.348    1.7794
 2.347    1.7853
 2.346    1.7901
 2.345    1.7903
 2.344    1.7880
 2.343    1.7865
 2.341    1.7836
 2.341    1.7812
 2.339    1.7810
 2.338    1.7822
 2.337    1.7851
 2.336    1.7886
 2.335    1.7908
 2.334    1.7925
 2.333    1.7935
 2.332    1.7937
 2.331    1.7935
 2.330    1.7913
 2.329    1.7882
 2.328    1.7896
 2.327    1.7906
 2.326    1.7911
 2.325    1.7930
 2.324    1.7953
 2.323    1.7982
 2.322    1.8011
 2.321    1.8006
 2.320    1.8021
 2.318    1.8025
 2.317    1.8028
 2.316    1.8025
 2.315    1.8030
 2.314    1.8044
 2.313    1.8078
 2.312    1.8126
 2.311    1.8185
 2.310    1.8195
 2.309    1.8166
 2.308    1.8126
 2.307    1.8071
 2.306    1.8006
 2.305    1.7975
 2.304    1.8002
 2.303    1.8059
 2.302    1.8059
 2.301    1.8063
 2.300    1.8097
 2.299    1.8133
 2.298    1.8157
 2.297    1.8210
 2.296    1.8260
 2.295    1.8291
 2.294    1.8272
 2.293    1.8234
 2.292    1.8210
 2.291    1.8190
 2.290    1.8159
 2.289    1.8157
 2.288    1.8183
 2.287    1.8224
 2.286    1.8231
 2.285    1.8224
 2.284    1.8245
 2.283    1.8262
 2.282    1.8272
 2.281    1.8281
 2.280    1.8284
 2.279    1.8312
 2.278    1.8346
 2.277    1.8382
 2.276    1.8430
 2.275    1.8487
 2.274    1.8513
 2.273    1.8499
 2.272    1.8449
 2.271    1.8408
 2.270    1.8389
 2.269    1.8394
 2.268    1.8422
 2.267    1.8504
 2.266    1.8566
 2.265    1.8602
 2.264    1.8604
 2.263    1.8580
 2.262    1.8535
 2.261    1.8499
 2.260    1.8506
 2.259    1.8542
 2.258    1.8549
 2.257    1.8552
 2.256    1.8571
 2.255    1.8604
 2.254    1.8602
 2.253    1.8597
 2.252    1.8602
 2.251    1.8609
 2.250    1.8588
 2.249    1.8578
 2.248    1.8588
 2.247    1.8633
 2.246    1.8652
 2.245    1.8628
 2.244    1.8604
 2.243    1.8631
 2.242    1.8666
 2.241    1.8715
 2.240    1.8729
 2.239    1.8741
 2.238    1.8724
 2.237    1.8666
 2.236    1.8621
 2.236    1.8611
 2.235    1.8600
 2.234    1.8624
 2.233    1.8660
 2.232    1.8700
 2.231    1.8733
 2.230    1.8746
 2.229    1.8724
 2.228    1.8681
 2.227    1.8628
 2.226    1.8643
 2.225    1.8707
 2.224    1.8757
 2.223    1.8808
 2.222    1.8851
 2.221    1.8841
 2.220    1.8801
 2.219    1.8784
 2.218    1.8793
 2.217    1.8820
 2.216    1.8863
 2.216    1.8868
 2.215    1.8837
 2.214    1.8781
 2.213    1.8774
 2.212    1.8822
 2.211    1.8858
 2.210    1.8882
 2.209    1.8903
 2.208    1.8868
 2.207    1.8796
 2.206    1.8712
 2.205    1.8707
 2.204    1.8741
 2.203    1.8757
 2.202    1.8779
 2.201    1.8815
 2.200    1.8870
 2.200    1.8934
 2.199    1.8949
 2.198    1.8934
 2.197    1.8925
 2.196    1.8928
 2.195    1.8932
 2.194    1.8930
 2.193    1.8932
 2.192    1.8963
 2.191    1.8949
 2.190    1.8887
 2.189    1.8837
 2.188    1.8810
 2.187    1.8801
 2.187    1.8798
 2.186    1.8796
 2.185    1.8829
 2.184    1.8872
 2.183    1.8951
 2.182    1.9011
 2.181    1.9028
 2.180    1.9040
 2.179    1.9073
 2.178    1.9066
 2.177    1.9030
 2.176    1.9020
 2.176    1.9073
 2.175    1.9069
 2.174    1.9028
 2.173    1.9030
 2.172    1.9078
 2.171    1.9047
 2.170    1.8975
 2.169    1.8980
 2.168    1.9030
 2.167    1.9042
 2.166    1.9078
 2.166    1.9142
 2.165    1.9193
 2.164    1.9191
 2.163    1.9174
 2.162    1.9207
 2.161    1.9267
 2.160    1.9313
 2.159    1.9358
 2.158    1.9363
 2.157    1.9327
 2.156    1.9255
 2.156    1.9169
 2.155    1.9114
 2.154    1.9105
 2.153    1.9078
 2.152    1.9066
 2.151    1.9107
 2.150    1.9186
 2.149    1.9224
 2.148    1.9207
 2.148    1.9210
 2.147    1.9243
 2.146    1.9236
 2.145    1.9241
 2.144    1.9291
 2.143    1.9368
 2.142    1.9377
 2.141    1.9313
 2.140    1.9291
 2.140    1.9313
 2.139    1.9315
 2.138    1.9349
 2.137    1.9351
 2.136    1.9327
 2.135    1.9318
 2.134    1.9324
 2.133    1.9365
 2.132    1.9409
 2.132    1.9437
 2.131    1.9451
 2.130    1.9435
 2.129    1.9432
 2.128    1.9446
 2.127    1.9482
 2.126    1.9485
 2.126    1.9456
 2.125    1.9384
 2.124    1.9310
 2.123    1.9296
 2.122    1.9319
 2.121    1.9373
 2.120    1.9475
 2.119    1.9516
 2.119    1.9550
 2.118    1.9607
 2.117    1.9676
 2.116    1.9709
 2.115    1.9693
 2.114    1.9688
 2.113    1.9678
 2.112    1.9602
 2.112    1.9547
 2.111    1.9530
 2.110    1.9542
 2.109    1.9566
 2.108    1.9566
 2.107    1.9578
 2.107    1.9607
 2.106    1.9592
 2.105    1.9576
 2.104    1.9559
 2.103    1.9581
 2.102    1.9600
 2.101    1.9581
 2.100    1.9581
 2.100    1.9590
 2.099    1.9588
 2.098    1.9600
 2.097    1.9590
 2.096    1.9609
 2.095    1.9638
 2.095    1.9657
 2.094    1.9686
 2.093    1.9734
 2.092    1.9760
 2.091    1.9765
 2.090    1.9717
 2.090    1.9664
 2.089    1.9631
 2.088    1.9623
 2.087    1.9607
 2.086    1.9628
 2.085    1.9633
 2.084    1.9612
 2.084    1.9550
 2.083    1.9499
 2.082    1.9344
 2.081    1.9454
 2.080    1.9523
 2.079    1.9336
 2.076    1.9336
 2.072    1.9327
 2.068    1.9308
 2.064    1.9272
 2.060    1.9227
 2.056    1.9227
 2.052    1.9181
 2.048    1.9154
 2.044    1.9163
 2.040    1.9127
 2.036    1.9083
 2.032    1.7461
 2.028    1.9163
 2.024    1.9109
 2.020    2.0958
 2.016    1.9074
 2.012    1.9074
 2.008    1.7383
 2.004    1.9065
 2.000    1.9143
 1.996    1.7329
 1.992    1.9143
 1.988    1.7306
 1.984    2.0810
 1.980    1.8984
 1.976    1.7288
 1.972    1.8958
 1.968    1.8940
 1.964    1.8931
 1.960    1.9090
 1.956    2.0717
 1.952    1.9053
 1.948    1.9002
 1.944    1.9056
 1.940    1.9083
 1.936    2.0979
 1.932    1.6513
 1.928    1.8292
 1.924    1.6508
 1.920    1.9154
 1.916    1.8226
 1.912    1.9001
 1.908    1.9911
 1.904    1.9038
 1.900    1.8976
 1.896    1.8887
 1.892    1.7204
 1.888    1.8977
 1.884    1.9000
 1.880    1.9045
 1.876    2.0056
 1.872    2.0947
 1.868    1.9118
 1.864    2.0905
 1.860    2.1634
 1.856    2.0675
 1.852    1.9948
 1.848    2.0758
 1.844    1.9166
 1.840    1.9159
 1.836    1.9166
 1.832    2.0789
 1.828    1.9038
 1.824    1.9940
 1.820    2.1522
 1.816    2.1511
 1.812    1.9873
 1.808    1.9873
 1.804    1.9865
 1.800    2.1467
 1.796    2.1500
 1.792    1.9873
 1.788    1.9898
 1.784    1.9906
 1.780    1.9915
 1.776    1.9915
 1.772    2.0805
 1.768    2.2433
 1.764    2.0814
 1.760    2.1556
 1.756    2.2457
 1.752    2.1511
 1.748    2.0796
 1.744    2.0787
 1.740    1.9898
 1.736    1.9915
 1.732    2.2481
 1.728    2.1622
 1.724    2.1645
 1.720    2.0869
 1.716    2.2421
 1.712    2.2398
 1.708    2.2339
 1.704    2.0787
 1.700    2.0796
 1.696    2.0796
 1.692    2.0769
 1.688    2.0769
 1.684    2.0769
 1.680    2.0760
 1.676    1.9890
 1.672    2.0796
 1.668    2.2421
 1.664    2.0796
 1.660    2.0796
 1.656    2.0751
 1.652    2.2362
 1.648    2.0742
 1.644    2.0787
 1.640    1.9959
 1.636    2.1665
 1.632    2.1655
 1.628    2.0760
 1.624    2.1655
 1.620    2.1665
 1.616    2.1655
 1.612    2.0751
 1.608    2.0760
 1.604    2.0787
 1.600    2.1684
 1.596    2.0005
 1.592    2.0905
 1.588    2.1694
 1.584    2.1704
 1.580    2.0796
 1.576    1.9966
 1.572    1.9943
 1.568    1.9951
 1.564    2.0845
 1.560    2.1645
 1.556    2.1655
 1.552    2.0845
 1.548    2.0828
 1.544    1.9943
 1.540    1.9959
 1.536    2.0060
 1.532    2.0845
 1.528    2.0845
 1.524    2.2614
 1.520    2.2624
 1.516    2.1817
 1.512    2.2644
 1.508    2.0862
 1.504    2.0921
 1.500    2.0947
 1.496    1.9214
 1.492    2.0921
 1.488    2.0905
 1.484    2.0896
 1.480    2.2684
 1.476    2.2654
 1.472    2.0854
 1.468    2.0837
 1.464    2.0828
 1.460    2.1817
 1.456    2.0031
 1.452    2.1817
 1.448    2.0046
 1.444    2.0074
 1.440    2.0081
 1.436    2.1869
 1.432    2.0053
 1.428    2.0038
 1.424    2.2594
 1.420    2.1791
 1.416    2.1817
 1.412    1.9269
 1.408    2.1912
 1.404    2.0130
 1.400    2.1920
 1.396    2.1114
 1.392    2.1121
 1.388    2.1114
 1.384    2.2822
 1.380    2.2015
 1.376    2.1128
 1.372    2.1961
 1.368    2.1921
 1.364    2.2033
 1.360    2.2073
 1.356    2.1235
 1.352    2.2060
 1.348    2.1971
 1.344    2.1942
 1.340    2.1934
 1.336    2.1956
 1.332    2.1942
 1.328    2.1942
 1.324    2.0390
 1.320    2.1129
 1.316    2.0442
 1.312    2.1340
 1.308    2.2934
 1.304    2.1329
 1.300    2.1323
 1.296    2.1323
 1.292    2.1340
 1.288    2.0456
 1.284    2.2134
 1.280    2.1420
 1.276    2.1409
 1.272    2.3015
 1.268    2.1383
 1.264    2.1399
 1.260    2.1409
 1.256    2.2329
 1.252    2.2323
 1.248    2.2317
 1.244    2.2292
 1.240    2.2292
 1.236    2.1489
 1.232    2.3314
 1.228    2.3258
 1.224    2.4055
 1.220    2.4166
 1.216    2.3245
 1.212    2.1436
 1.208    2.2426
 1.204    2.1441
 1.200    2.2426
 1.196    2.2411
 1.192    2.3301
 1.188    2.3301
 1.184    2.3296
 1.180    2.2491
 1.176    2.2478
 1.172    2.2469
 1.168    2.2469
 1.164    2.3369
 1.160    2.0894
 1.156    2.2504
 1.152    2.2526
 1.148    2.2564
 1.144    2.3481
 1.140    2.3446
 1.136    2.3446
 1.132    2.4355
 1.128    2.3436
 1.124    2.2704
 1.120    2.2713
 1.116    2.1818
 1.112    2.2722
 1.108    2.4547
 1.104    2.4524
 1.100    2.3709
 1.096    2.3703
 1.092    2.5400
 1.088    2.4596
 1.084    2.4584
 1.080    2.4680
 1.076    2.3792
 1.072    2.4592
 1.068    2.3787
 1.064    2.3779
 1.060    2.3779
 1.056    2.4683
 1.052    2.5467
 1.048    2.3782
 1.044    2.3774
 1.040    2.3774
 1.036    2.4680
 1.032    2.4687
 1.028    2.3792
 1.024    2.3795
 1.020    2.3784
 1.016    2.4584
 1.012    2.4584
 1.008    2.4576
 1.004    2.3784
 1.000    2.3771
 0.996    2.2882
 0.992    2.3771
 0.988    2.3779
 0.984    2.4576
 0.980    2.4584
 0.976    2.4588
 0.972    2.4584
 0.968    2.4592
 0.964    2.4596
 0.960    2.4584
 0.956    2.3677
 0.952    2.3779
 0.948    2.4596
 0.944    2.3697
 0.940    2.5379
 0.936    2.5373
 0.932    2.4560
 0.928    2.5373
 0.924    2.4584
 0.920    2.6268
 0.916    2.5373
 0.912    2.5373
 0.908    2.5390
 0.904    2.5390
 0.900    2.4584
 0.896    2.5362
 0.892    2.5373
 0.888    2.7000
 0.884    2.7008
 0.880    2.6118
 0.876    2.6125
 0.872    2.5400
 0.868    2.7017
 0.864    2.6110
 0.860    2.6125
 0.856    2.6118
 0.852    2.6140
 0.848    2.7004
 0.844    2.5135
 0.840    2.5128
 0.836    2.5135
 0.832    2.5121
 0.828    2.5099
 0.824    2.4196
 0.820    2.5055
 0.816    2.5055
 0.812    2.6820
 0.808    2.4225
 0.804    2.6740
 0.800    2.6714
 0.799    2.6712
 0.798    2.6712
 0.797    2.6608
 0.796    2.6649
 0.795    2.6761
 0.794    2.7728
 0.793    2.6809
 0.792    2.6761
 0.791    2.4368
 0.790    2.5908
 0.789    2.6624
 0.788    2.6558
 0.787    2.6525
 0.786    2.6475
 0.785    2.6608
 0.784    2.6691
 0.783    2.7523
 0.782    2.7523
 0.781    2.6712
 0.780    2.7506
 0.779    2.6541
 0.778    2.6459
 0.777    2.6426
 0.776    2.6608
 0.775    2.6525
 0.774    2.5740
 0.773    2.5585
 0.772    2.6508
 0.771    2.6624
 0.770    2.6558
 0.769    2.6508
 0.768    2.7348
 0.767    2.5632
 0.766    2.5806
 0.765    2.6708
 0.764    2.6574
 0.763    2.5695
 0.762    2.6589
 0.761    2.5758
 0.760    2.6503
 0.759    2.6606
 0.758    2.7316
 0.757    2.6451
 0.756    2.6606
 0.755    2.7419
 0.754    2.7492
 0.753    2.7437
 0.752    2.7492
 0.751    2.7437
 0.750    2.6503
 0.749    2.7383
 0.748    2.7437
 0.747    2.7401
 0.746    2.6537
 0.745    2.8315
 0.744    2.7371
 0.743    2.6554
 0.742    2.8179
 0.741    2.7371
 0.740    2.7334
 0.739    2.6641
 0.738    2.5619
 0.737    2.6537
 0.736    2.7390
 0.735    2.7446
 0.734    2.6589
 0.733    2.7390
 0.732    2.7541
 0.731    2.7522
 0.730    2.6658
 0.729    2.5740
 0.728    2.5757
 0.727    2.7484
 0.726    2.5705
 0.725    2.5705
 0.724    2.7522
 0.723    2.9131
 0.722    2.5705
 0.721    2.6340
 0.720    2.4833
 0.719    2.5705
 0.718    2.5671
 0.717    2.5671
 0.716    2.5723
 0.715    2.7449
 0.714    2.7636
 0.713    2.7579
 0.712    2.5757
 0.711    2.5792
 0.710    2.7429
 0.709    2.5810
 0.708    2.7429
 0.707    2.7449
 0.706    2.4966
 0.705    2.7469
 0.704    2.5827
 0.703    2.7429
 0.702    2.7388
 0.701    2.7327
 0.700    2.7429
 0.699    2.6553
 0.698    2.5322
 0.697    2.5236
 0.696    2.6110
 0.695    2.5219
 0.694    2.5219
 0.693    2.4294
 0.692    2.5962
 0.691    2.6850
 0.690    2.5185
 0.689    2.5151
 0.688    2.5134
 0.687    2.6790
 0.686    2.6850
 0.685    2.6790
 0.684    2.6890
 0.683    2.6890
 0.682    2.4311
 0.681    2.6890
 0.680    2.6790
 0.679    2.6870
 0.678    2.6870
 0.677    2.6830
 0.676    2.6930
 0.675    2.7760
 0.674    2.7760
 0.673    2.7760
 0.672    2.6850
 0.671    2.6766
 0.670    2.6870
 0.669    2.6930
 0.668    2.5981
 0.667    2.5942
 0.666    2.5885
 0.665    2.6750
 0.664    2.6750
 0.663    2.6850
 0.662    2.6850
 0.661    2.6930
 0.660    2.6933
 0.659    2.6870
 0.658    2.6808
 0.657    2.6019
 0.656    2.5923
 0.655    2.5828
 0.654    2.5847
 0.653    2.5885
 0.652    2.5981
 0.651    2.6849
 0.650    2.6870
 0.649    2.6870
 0.648    2.6787
 0.647    2.6746
 0.646    2.6643
 0.645    2.6684
 0.644    2.5839
 0.643    2.6704
 0.642    2.6643
 0.641    2.6651
 0.640    2.5847
 0.639    2.6790
 0.638    2.5866
 0.637    2.6058
 0.636    2.6971
 0.635    2.6019
 0.634    2.7696
 0.633    2.6766
 0.632    2.6870
 0.631    2.6971
 0.630    2.6870
 0.629    2.5958
 0.628    2.5898
 0.627    2.5839
 0.626    2.5878
 0.625    2.5958
 0.624    2.7702
 0.623    2.6849
 0.622    2.6849
 0.621    2.6849
 0.620    2.6849
 0.619    2.5962
 0.618    2.6704
 0.617    2.6663
 0.616    2.7653
 0.615    2.6849
 0.614    2.6808
 0.613    2.6766
 0.612    2.6704
 0.611    2.8429
 0.610    2.6684
 0.609    2.6704
 0.608    2.6684
 0.607    2.5847
 0.606    2.6643
 0.605    2.6663
 0.604    2.7567
 0.603    2.6746
 0.602    2.6808
 0.601    2.6891
 0.600    2.6156
 0.599    2.6234
 0.598    2.6353
 0.597    2.8227
 0.596    2.7231
 0.595    2.7252
 0.594    2.8246
 0.593    2.7382
 0.592    2.6493
 0.591    2.7360
 0.590    2.7470
 0.589    2.7404
 0.588    2.6682
 0.587    2.7317
 0.586    2.7274
 0.585    2.7252
 0.584    2.8201
 0.583    2.6473
 0.582    2.7339
 0.581    2.7317
 0.580    2.7166
 0.579    2.6325
 0.578    2.7382
 0.577    2.7360
 0.576    2.7274
 0.575    2.7231
 0.574    2.7166
 0.573    2.6136
 0.572    2.6019
 0.571    2.6746
 0.570    2.6684
 0.569    2.7524
 0.568    2.6684
 0.567    2.6808
 0.566    2.6808
 0.565    2.5898
 0.564    2.6808
 0.563    2.6870
 0.562    2.6912
 0.561    2.6097
 0.560    2.6933
 0.559    2.8032
 0.558    2.5033
 0.557    2.6651
 0.556    2.6730
 0.555    2.7613
 0.554    2.7613
 0.553    2.7633
 0.552    2.6770
 0.551    2.7737
 0.550    2.7800
 0.549    2.7758
 0.548    2.6850
 0.547    2.7717
 0.546    2.6039
 0.545    2.6058
 0.544    2.6930
 0.543    2.7717
 0.542    2.6039
 0.541    2.6039
 0.540    2.7011
 0.539    2.7847
 0.538    2.6991
 0.537    2.7072
 0.536    2.6991
 0.535    2.7011
 0.534    2.6951
 0.533    2.7760
 0.532    2.7782
 0.531    2.6991
 0.530    2.5322
 0.529    2.5374
 0.528    2.8011
 0.527    2.8001
 0.526    2.7052
 0.525    2.7052
 0.524    2.7989
 0.523    2.8117
 0.522    2.7011
 0.521    2.6991
 0.520    2.6236
 0.519    2.8082
 0.518    2.7968
 0.517    2.8075
 0.516    2.8011
 0.515    2.7968
 0.514    2.6290
 0.513    2.6400
 0.512    2.6308
 0.511    2.6308
 0.510    2.6308
 0.509    2.6290
 0.508    2.6290
 0.507    2.8182
 0.506    2.6400
 0.505    2.8162
 0.504    2.8096
 0.503    2.9915
 0.502    2.8221
 0.501    2.8182
 0.500    2.8241
 0.499    2.8282
 0.498    2.8282
 0.497    2.7412
 0.496    2.5585
 0.495    2.5501
 0.494    2.7412
 0.493    2.7375
 0.492    2.7393
 0.491    2.5585
 0.490    2.7412
 0.489    2.7375
 0.488    2.7393
 0.487    2.8353
 0.486    2.7466
 0.485    2.7502
 0.484    2.7519
 0.483    2.7663
 0.482    2.7681
 0.481    2.7591
 0.480    2.6732
 0.479    2.6699
 0.478    2.6732
 0.477    2.7663
 0.476    2.8537
 0.475    2.8480
 0.474    2.7676
 0.473    2.7762
 0.472    2.8694
 0.471    3.0558
 0.470    3.0558
 0.469    2.8838
 0.468    2.8871
 0.467    2.8838
 0.466    2.8771
 0.465    2.8771
 0.464    2.7952
 0.463    2.8013
 0.462    2.8028
 0.461    2.8043
 0.460    2.9012
 0.459    3.0426
 0.458    2.9608
 0.457    2.8809
 0.456    2.8781
 0.455    2.7963
 0.454    2.8896
 0.453    2.8824
 0.452    2.8856
 0.451    2.8856
 0.450    2.7211
 0.449    2.9042
 0.448    2.9989
 0.447    2.9138
 0.446    2.8226
 0.445    2.9184
 0.444    2.9149
 0.443    2.9195
 0.442    2.9184
 0.441    2.8336
 0.440    2.8431
 0.439    2.8450
 0.438    2.8431
 0.437    2.8395
 0.436    2.7613
 0.435    2.7633
 0.434    2.6774
 0.433    2.6780
 0.432    2.6785
 0.431    2.6769
 0.430    2.8642
 0.429    2.7780
 0.428    2.8706
 0.427    2.8719
 0.426    2.7848
 0.425    3.0569
 0.424    2.8781
 0.423    2.7862
 0.422    2.7884
 0.421    2.8829
 0.420    2.7944
 0.419    2.8876
 0.418    2.7109
 0.417    2.9910
 0.416    2.7164
 0.415    2.8034
 0.414    2.9036
 0.413    2.9029
 0.412    2.9958
 0.411    2.8224
 0.410    2.9159
 0.409    2.9159
 0.408    2.7416
 0.407    2.7404
 0.406    2.7409
 0.405    2.7396
 0.404    2.6453
 0.403    2.7442
 0.402    2.7435
 0.401    2.7427
 0.400    2.7427
 0.3750    2.7427
 0.350    2.7427	
 0.3250    2.7427
 0.300    2.7427	
