YEAR,MONTH,DAY,FILE,
2016,1,1,MYD08_E3.A2016001.061.2018059073801.hdf,		
2016,1,9,MYD08_E3.A2016009.061.2018059080046.hdf,		
2016,1,17,MYD08_E3.A2016017.061.2018059091828.hdf,		
2016,1,25,MYD08_E3.A2016025.061.2018059095217.hdf,		
2016,2,2,MYD08_E3.A2016033.061.2018055221219.hdf,		
2016,2,10,MYD08_E3.A2016041.061.2018056003941.hdf,		
2016,2,18,MYD08_E3.A2016049.061.2018056062512.hdf,		
2016,2,26,MYD08_E3.A2016057.061.2018056064547.hdf,		
2016,3,5,MYD08_E3.A2016065.061.2018057120545.hdf,		
2016,3,13,MYD08_E3.A2016073.061.2018057141327.hdf,		
2016,3,21,MYD08_E3.A2016081.061.2018057184052.hdf,		
2016,3,29,MYD08_E3.A2016089.061.2018057233618.hdf,		
2016,4,6,MYD08_E3.A2016097.061.2018058001904.hdf,		
2016,4,14,MYD08_E3.A2016105.061.2018058061847.hdf,		
2016,4,22,MYD08_E3.A2016113.061.2018058071321.hdf,		
2016,4,30,MYD08_E3.A2016121.061.2018058121746.hdf,		
2016,5,8,MYD08_E3.A2016129.061.2018058152721.hdf,		
2016,5,16,MYD08_E3.A2016137.061.2018059075646.hdf,		
2016,5,24,MYD08_E3.A2016145.061.2018059112151.hdf,		
2016,6,1,MYD08_E3.A2016153.061.2018059233604.hdf,		
2016,6,9,MYD08_E3.A2016161.061.2018060023959.hdf,		
2016,6,17,MYD08_E3.A2016169.061.2018060041215.hdf,		
2016,6,25,MYD08_E3.A2016177.061.2018060224007.hdf,		
2016,7,3,MYD08_E3.A2016185.061.2018060232107.hdf,		
2016,7,11,MYD08_E3.A2016193.061.2018061011206.hdf,		
2016,7,19,MYD08_E3.A2016201.061.2018061172308.hdf,		
2016,7,27,MYD08_E3.A2016209.061.2018061181236.hdf,		
2016,8,4,MYD08_E3.A2016217.061.2018061201942.hdf,		
2016,8,12,MYD08_E3.A2016225.061.2018061212925.hdf,		
2016,8,20,MYD08_E3.A2016233.061.2018062194003.hdf,		
2016,9,5,MYD08_E3.A2016249.061.2018062224538.hdf,		
2016,9,13,MYD08_E3.A2016257.061.2018062122003.hdf,		
2016,8,28,MYD08_E3.A2016241.061.2018062233732.hdf,		
2016,9,21,MYD08_E3.A2016265.061.2018063052043.hdf,		
2016,9,29,MYD08_E3.A2016273.061.2018063153004.hdf,		
2016,10,7,MYD08_E3.A2016281.061.2018063115828.hdf,
2016,10,15,MYD08_E3.A2016289.061.2018063153320.hdf,		
2016,10,23,MYD08_E3.A2016297.061.2018064035822.hdf,		
2016,10,31,MYD08_E3.A2016305.061.2018064073653.hdf,		
2016,11,8,MYD08_E3.A2016313.061.2018064103217.hdf,		
2016,11,16,MYD08_E3.A2016321.061.2018064105401.hdf,		
2016,11,24,MYD08_E3.A2016329.061.2018064090644.hdf,		
2016,12,2,MYD08_E3.A2016337.061.2018064155319.hdf,		
2016,12,10,MYD08_E3.A2016345.061.2018064164711.hdf,		
2016,12,18,MYD08_E3.A2016353.061.2018064170037.hdf,		
2016,12,26,MYD08_E3.A2016361.061.2018066044522.hdf,		
